station,date,y,pred
BL板橋,2026-01-01,30413,37907.45347366191
BL板橋,2026-01-02,39782,42133.041352084016
BL板橋,2026-01-03,34202,46204.99925652347
BL板橋,2026-01-04,31379,34552.310345142934
BL板橋,2026-01-05,37526,35739.927436291895
BL板橋,2026-01-06,37337,40341.48016958305
BL板橋,2026-01-07,37613,41362.83810803333
BL板橋,2026-01-08,37917,38282.85846746383
BL板橋,2026-01-09,43065,42613.13605604606
BL板橋,2026-01-10,38689,42509.63160044087
BL板橋,2026-01-11,33583,35463.6179871298
BL板橋,2026-01-12,36973,37373.71221554015
BL板橋,2026-01-13,37160,38523.09822347291
BL板橋,2026-01-14,37588,39716.11557451655
BL板橋,2026-01-15,37829,38226.04920094483
BL板橋,2026-01-16,43010,42809.37854556643
BL板橋,2026-01-17,38297,40958.17155983425
BL板橋,2026-01-18,35204,34446.98626431377
BL板橋,2026-01-19,37644,38129.46394701206
BL板橋,2026-01-20,39581,38174.87625972962
BL板橋,2026-01-21,37250,40167.6061776196
BL板橋,2026-01-22,37968,37630.83718230312
BL板橋,2026-01-23,42961,43046.5349771281
BL板橋,2026-01-24,38721,39770.20405521488
BL板橋,2026-01-25,35000,35072.70877091156
BL板橋,2026-01-26,37913,37755.755925412384
BL板橋,2026-01-27,38336,39014.46343485372
BL板橋,2026-01-28,38330,38142.5434931537
BL板橋,2026-01-29,39624,38536.277085729904
BL板橋,2026-01-30,44043,43825.05548945947
BL板橋,2026-01-31,40258,39820.53194212081
BL板橋,2026-02-01,33550,35826.95214527143
BL板橋,2026-02-02,36777,36866.86931369348
BL板橋,2026-02-03,38439,38201.6888869833
BL板橋,2026-02-04,39630,38417.44324453732
BL板橋,2026-02-05,40645,39742.29208324078
BL板橋,2026-02-06,44455,44385.92608858666
BL板橋,2026-02-07,39085,40193.00904084839
BL板橋,2026-02-08,34714,34101.24779186975
BL板橋,2026-02-09,38716,37610.93058140657
BL板橋,2026-02-10,39602,39294.817113482
BL板橋,2026-02-11,39669,39461.7868169818
BL板橋,2026-02-12,40390,40068.69518259638
BL板橋,2026-02-13,40410,44278.40326899633
BL板橋,2026-02-14,30880,37392.22272952675
BL板橋,2026-02-15,25142,30107.693983718087
BL板橋,2026-02-16,17391,22313.54072484659
BL板橋,2026-02-17,26992,23306.626518817466
BL板橋,2026-02-18,31209,28461.36501187713
BL板橋,2026-02-19,35456,30634.79716736235
BL板橋,2026-02-20,36934,40283.71784360479
BL板橋,2026-02-21,37703,35071.05707520865
BL板橋,2026-02-22,32722,31663.87208821773
BL板橋,2026-02-23,37159,34816.499763792104
BL板橋,2026-02-24,36417,40377.2558600706
BL板橋,2026-02-25,37900,39069.1267659247
BL板橋,2026-02-26,41850,41647.72446009291
BL板橋,2026-02-27,36006,36544.58669048965
BL板橋,2026-02-28,36027,36225.83134563605
BL板橋,2026-03-01,31759,31284.701415124106
BL板橋,2026-03-02,36511,35561.53998837076
BL板橋,2026-03-03,36277,38226.37370490996
BL板橋,2026-03-04,37707,38469.147043900295
BL板橋,2026-03-05,38298,41555.4081850089
BL板橋,2026-03-06,43151,39838.156114001
BL板橋,2026-03-07,39429,37386.94444477434
BL板橋,2026-03-08,34501,33211.54680036858
BL板橋,2026-03-09,37627,37228.86721323162
BL板橋,2026-03-10,37898,37829.21996135841
BL板橋,2026-03-11,38854,38999.204737812666
BL板橋,2026-03-12,39022,40589.85982112344
BL板橋,2026-03-13,44540,41670.73915763578
BL板橋,2026-03-14,40955,39050.155012712
BL板橋,2026-03-15,35987,34532.65588147245
BL板橋,2026-03-16,37755,38115.23141323859
BL板橋,2026-03-17,37862,37842.64843395085
BL板橋,2026-03-18,38865,38934.57310273313
BL板橋,2026-03-19,38400,39942.951067007765
BL板橋,2026-03-20,44878,42554.76674692133
BL板橋,2026-03-21,43554,40132.05772178999
BL板橋,2026-03-22,38187,36613.19146464805
BL板橋,2026-03-23,37917,38957.99119754378
BL板橋,2026-03-24,37086,37770.22405969236
BL板橋,2026-03-25,38317,38475.21990041278
BL板橋,2026-03-26,38574,39033.42199546468
BL板橋,2026-03-27,42595,43696.35346810325
BL板橋,2026-03-28,39291,40312.53927501202
BL板橋,2026-03-29,34335,35085.82893818222
BL板橋,2026-03-30,37469,36667.069075783234
BL板橋,2026-03-31,36922,37518.173784482366
BL板橋,2026-04-01,37801,38301.25976555263
BL板橋,2026-04-02,41366,38573.923416067526
BL板橋,2026-04-03,33129,39310.10583030616
BL板橋,2026-04-04,31586,37239.03752213998
BL板橋,2026-04-05,34308,30745.620295778303
BL板橋,2026-04-06,33072,32215.473104788387
BL板橋,2026-04-07,38604,37776.14739550585
BL板橋,2026-04-08,38077,38953.11008856713
BL板橋,2026-04-09,38680,39849.97677855234
BL板橋,2026-04-10,43645,40494.68035504877
BL板橋,2026-04-11,38869,37842.26398032396
BL板橋,2026-04-12,34771,35998.01330898809
BL板橋,2026-04-13,37690,37728.55018475824
BL板橋,2026-04-14,37207,37717.30168118971
BL板橋,2026-04-15,37744,37841.466672872135
BL板橋,2026-04-16,38034,39210.85591745484
BL板橋,2026-04-17,42355,41657.76184603248
BL板橋,2026-04-18,38117,37719.667715110605
BL板橋,2026-04-19,35021,35072.722697647274
BL板橋,2026-04-20,37476,37894.22905886601
BL板橋,2026-04-21,36878,37317.48158274853
BL板橋,2026-04-22,37727,37650.21635207277
BL板橋,2026-04-23,38077,38715.29760267573
BL板橋,2026-04-24,43045,41946.14993177972
BL板橋,2026-04-25,38195,38276.74239414715
BL板橋,2026-04-26,36642,35044.904680197345
BL板橋,2026-04-27,37446,38638.2671060517
BL板橋,2026-04-28,37604,36949.6364374981
BL板橋,2026-04-29,38477,38133.25661006968
BL板橋,2026-04-30,43824,38799.73664396773
BL板橋,2026-05-01,37191,40163.67422706232
BL板橋,2026-05-02,37045,37473.855025534416
BL板橋,2026-05-03,35426,35238.55557802508
BL板橋,2026-05-04,38558,37501.03653964204
BL板橋,2026-05-05,38690,37993.40173946702
BL板橋,2026-05-06,38801,38782.11475001718
BL板橋,2026-05-07,39168,41178.64738239171
BL板橋,2026-05-08,43455,41616.93711322133
BL板橋,2026-05-09,38668,38181.55255839776
BL板橋,2026-05-10,34262,36072.72141305023
BL板橋,2026-05-11,37963,37197.42390580657
BL板橋,2026-05-12,37598,38093.95354111899
BL板橋,2026-05-13,37732,38194.385214025446
BL板橋,2026-05-14,37678,39679.62274053717
BL板橋,2026-05-15,44934,41727.91498864517
BL板橋,2026-05-16,39461,39386.90560281202
BL板橋,2026-05-17,37439,35537.99116663113
BL板橋,2026-05-18,37325,39297.47668220089
BL板橋,2026-05-19,37108,37188.93359537744
BL板橋,2026-05-20,38715,37819.52370050983
BL板橋,2026-05-21,38113,39397.96488907527
BL板橋,2026-05-22,43426,43294.19687822695
BL板橋,2026-05-23,39834,38523.39855722112
BL板橋,2026-05-24,35943,36791.39488345895
BL板橋,2026-05-25,37311,37474.474458051365
BL板橋,2026-05-26,37599,37310.04164666867
BL板橋,2026-05-27,38130,38486.62853858605
BL板橋,2026-05-28,38158,38472.14937868885
BL板橋,2026-05-29,43118,43392.07871916678
BL板橋,2026-05-30,38777,38921.38236237104
BL板橋,2026-05-31,35206,35806.156425396635
Y板橋,2026-01-01,2139,3202.873146643346
Y板橋,2026-01-02,2658,2277.083844566445
Y板橋,2026-01-03,2177,3267.130701948751
Y板橋,2026-01-04,2468,2438.800796316559
Y板橋,2026-01-05,2264,1698.9421927013614
Y板橋,2026-01-06,2022,2006.568272268168
Y板橋,2026-01-07,2065,2378.0831897173684
Y板橋,2026-01-08,2084,1815.059151770968
Y板橋,2026-01-09,2487,2578.321104084863
Y板橋,2026-01-10,2368,2696.8070713562283
Y板橋,2026-01-11,2366,2606.560397278411
Y板橋,2026-01-12,2041,1850.045066984686
Y板橋,2026-01-13,2084,1815.2951725049163
Y板橋,2026-01-14,2097,2230.2262171186294
Y板橋,2026-01-15,2107,2069.6319402289228
Y板橋,2026-01-16,2441,2537.849164523965
Y板橋,2026-01-17,2402,2645.5785221587994
Y板橋,2026-01-18,2312,2528.462552939291
Y板橋,2026-01-19,2114,1823.942787435276
Y板橋,2026-01-20,2252,1982.9333824084208
Y板橋,2026-01-21,1986,2338.5937889093857
Y板橋,2026-01-22,2075,1994.3596063785717
Y板橋,2026-01-23,2486,2471.5403030649736
Y板橋,2026-01-24,2589,2637.0203869642146
Y板橋,2026-01-25,2411,2618.053490695216
Y板橋,2026-01-26,2246,2003.9921815380933
Y板橋,2026-01-27,2163,2180.397534414792
Y板橋,2026-01-28,2156,2141.680923306719
Y板橋,2026-01-29,2247,2158.5741659511355
Y板橋,2026-01-30,2618,2638.2259122347537
Y板橋,2026-01-31,2366,2771.383340122433
Y板橋,2026-02-01,2331,2382.5872765393897
Y板橋,2026-02-02,2151,1992.8917311828395
Y板橋,2026-02-03,2079,2055.6654599069766
Y板橋,2026-02-04,2183,2116.228084331864
Y板橋,2026-02-05,2207,2204.1104305475324
Y板橋,2026-02-06,2546,2598.4964713769687
Y板橋,2026-02-07,2378,2551.0968481091977
Y板橋,2026-02-08,2223,2395.096593816977
Y板橋,2026-02-09,2128,1938.0462799907025
Y板橋,2026-02-10,2229,2036.8782404800183
Y板橋,2026-02-11,2232,2272.6378539057832
Y板橋,2026-02-12,2239,2240.986546150916
Y板橋,2026-02-13,2259,2607.5335746151327
Y板橋,2026-02-14,1828,2290.552509080713
Y板橋,2026-02-15,1603,1868.4604861054784
Y板橋,2026-02-16,1195,1209.2147892522976
Y板橋,2026-02-17,1842,1273.743998337717
Y板橋,2026-02-18,2293,1852.998657591692
Y板橋,2026-02-19,2535,2234.356525728002
Y板橋,2026-02-20,2721,3082.727673366084
Y板橋,2026-02-21,2920,2401.2092935135283
Y板橋,2026-02-22,2909,2688.7136613137054
Y板橋,2026-02-23,2576,2552.1280432274957
Y板橋,2026-02-24,2830,2735.3650629131957
Y板橋,2026-02-25,2378,2955.198449095485
Y板橋,2026-02-26,2884,2514.18459981177
Y板橋,2026-02-27,2546,3043.9327452001007
Y板橋,2026-02-28,2861,2537.602505538767
Y板橋,2026-03-01,3124,2758.6324643229887
Y板橋,2026-03-02,2449,2732.1756929705466
Y板橋,2026-03-03,2225,2615.056653674261
Y板橋,2026-03-04,2244,2161.373462638151
Y板橋,2026-03-05,2335,2499.341063737917
Y板橋,2026-03-06,2835,2267.1661370822007
Y板橋,2026-03-07,2714,2965.995483647602
Y板橋,2026-03-08,2982,2794.421479343358
Y板橋,2026-03-09,2423,2486.6304383677943
Y板橋,2026-03-10,2334,2398.5202103109896
Y板橋,2026-03-11,2390,2338.235838481512
Y板橋,2026-03-12,2364,2507.888529123141
Y板橋,2026-03-13,2935,2602.0538710942724
Y板橋,2026-03-14,2673,2898.9587883806294
Y板橋,2026-03-15,2863,2801.819414055773
Y板橋,2026-03-16,2544,2390.690256498783
Y板橋,2026-03-17,2199,2503.0115777170067
Y板橋,2026-03-18,2297,2256.003352185858
Y板橋,2026-03-19,2286,2373.6717736450632
Y板橋,2026-03-20,2832,2624.4391740278165
Y板橋,2026-03-21,3066,2733.914452515853
Y板橋,2026-03-22,3134,3116.4207342064446
Y板橋,2026-03-23,2451,2708.8935784940613
Y板橋,2026-03-24,2252,2325.94867481288
Y板橋,2026-03-25,2259,2307.8562622088807
Y板橋,2026-03-26,2218,2325.06396517998
Y板橋,2026-03-27,2620,2609.1294448039557
Y板橋,2026-03-28,2523,2725.7487257629346
Y板橋,2026-03-29,2695,2656.1021224850574
Y板橋,2026-03-30,2348,2198.9607218866354
Y板橋,2026-03-31,2178,2223.8608907224907
Y板橋,2026-04-01,2286,2214.8181984205144
Y板橋,2026-04-02,2482,2310.884829622676
Y板橋,2026-04-03,2248,2954.319602946144
Y板橋,2026-04-04,2204,2189.613385087248
Y板橋,2026-04-05,2677,2382.6149899781985
Y板橋,2026-04-06,3004,2410.714707450487
Y板橋,2026-04-07,3425,2629.1300934218
Y板橋,2026-04-08,2575,3295.847050979362
Y板橋,2026-04-09,2301,2694.6525499994127
Y板橋,2026-04-10,2665,2362.07104485164
Y板橋,2026-04-11,2433,2673.15980332472
Y板橋,2026-04-12,2578,2716.6591561013
Y板橋,2026-04-13,2313,2427.492587034056
Y板橋,2026-04-14,2319,2529.9984103681
Y板橋,2026-04-15,2282,2050.502007625779
Y板橋,2026-04-16,2320,2217.927931177919
Y板橋,2026-04-17,2776,2564.979932798388
Y板橋,2026-04-18,2533,2663.8809287654085
Y板橋,2026-04-19,2767,2712.04702325636
Y板橋,2026-04-20,2417,2472.0731528780034
Y板橋,2026-04-21,2179,2449.6467183766304
Y板橋,2026-04-22,2196,2116.575375994329
Y板橋,2026-04-23,2292,2224.3109533443976
Y板橋,2026-04-24,2821,2608.323597319303
Y板橋,2026-04-25,2649,2670.2702998246336
Y板橋,2026-04-26,3018,2841.4017115936635
Y板橋,2026-04-27,2449,2660.0428453154504
Y板橋,2026-04-28,2362,2380.1673242504453
Y板橋,2026-04-29,2333,2291.9663370357266
Y板橋,2026-04-30,2884,2370.5589760184107
Y板橋,2026-05-01,2348,3318.803042232505
Y板橋,2026-05-02,2331,2194.172261451764
Y板橋,2026-05-03,3182,2623.1466292568543
Y板橋,2026-05-04,2777,2694.5645548589323
Y板橋,2026-05-05,2404,2679.184461588186
Y板橋,2026-05-06,2322,2348.949181994926
Y板橋,2026-05-07,2307,2573.963839363949
Y板橋,2026-05-08,2746,2251.0461641104803
Y板橋,2026-05-09,2654,2684.1004232572004
Y板橋,2026-05-10,2967,3129.326921508832
Y板橋,2026-05-11,2578,2593.886025384837
Y板橋,2026-05-12,2318,2397.955341132022
Y板橋,2026-05-13,2340,2250.578292742843
Y板橋,2026-05-14,2302,2413.373216340386
Y板橋,2026-05-15,2995,2557.960298929355
Y板橋,2026-05-16,2897,2861.619190593803
Y板橋,2026-05-17,2892,3206.755192011404
Y板橋,2026-05-18,2547,2533.3037863503846
Y板橋,2026-05-19,2198,2367.3339421804126
Y板橋,2026-05-20,2367,2190.116714351199
Y板橋,2026-05-21,2328,2400.818580165433
Y板橋,2026-05-22,2712,2730.494796609655
Y板橋,2026-05-23,2512,2646.381970343328
Y板橋,2026-05-24,2777,2749.68485155935
Y板橋,2026-05-25,2418,2426.7871058469923
Y板橋,2026-05-26,2200,2197.944964886829
Y板橋,2026-05-27,2344,2250.846175236333
Y板橋,2026-05-28,2227,2366.4283917206635
Y板橋,2026-05-29,2772,2584.3431196410384
Y板橋,2026-05-30,2337,2630.1005803391045
Y板橋,2026-05-31,2788,2655.6357326307434
七張,2026-01-01,9401,10889.938495149294
七張,2026-01-02,15527,16086.29403212944
七張,2026-01-03,11673,12210.447479183167
七張,2026-01-04,10186,10101.070631420487
七張,2026-01-05,15255,14919.33311247801
七張,2026-01-06,15641,15669.85873156051
七張,2026-01-07,15851,15870.444457111624
七張,2026-01-08,15715,15500.638877880803
七張,2026-01-09,16315,16553.219125387397
七張,2026-01-10,12692,12527.043025277584
七張,2026-01-11,10260,10587.37083283092
七張,2026-01-12,15243,15019.441780194036
七張,2026-01-13,15706,15638.38988236705
七張,2026-01-14,15843,15862.658889522352
七張,2026-01-15,15808,15689.031985701924
七張,2026-01-16,16813,16619.414413112165
七張,2026-01-17,12922,12814.442521755183
七張,2026-01-18,10800,10653.004187766106
七張,2026-01-19,14850,15252.967870522887
七張,2026-01-20,16025,15528.508878021306
七張,2026-01-21,15350,15966.335238518624
七張,2026-01-22,15454,15524.34363215961
七張,2026-01-23,16249,16509.538955492873
七張,2026-01-24,12474,12566.23889504496
七張,2026-01-25,10747,10485.401738475644
七張,2026-01-26,14795,15103.496959695209
七張,2026-01-27,15082,15569.305958058369
七張,2026-01-28,15037,15484.603510674622
七張,2026-01-29,15499,15311.390278123406
七張,2026-01-30,16160,16439.20791349263
七張,2026-01-31,12536,12501.654772387054
七張,2026-02-01,10321,10535.084042194594
七張,2026-02-02,14482,14922.476466868766
七張,2026-02-03,15234,15287.549646287434
七張,2026-02-04,15437,15510.02336405096
七張,2026-02-05,15661,15513.865943939689
七張,2026-02-06,15965,16511.287247817978
七張,2026-02-07,12648,12451.713936263586
七張,2026-02-08,10594,10508.294456638418
七張,2026-02-09,14645,15002.4996526148
七張,2026-02-10,15566,15406.053950654396
七張,2026-02-11,15396,15697.519949287676
七張,2026-02-12,15490,15527.349628992888
七張,2026-02-13,15186,16386.826537084675
七張,2026-02-14,10939,12155.902719082596
七張,2026-02-15,8784,9798.45005283257
七張,2026-02-16,6178,7107.347148578283
七張,2026-02-17,7939,7690.199894926878
七張,2026-02-18,8374,8271.090591411676
七張,2026-02-19,9138,8416.207553853681
七張,2026-02-20,9592,11455.452880257388
七張,2026-02-21,10901,11771.558027275703
七張,2026-02-22,9942,9586.421022307288
七張,2026-02-23,15117,14493.326090942022
七張,2026-02-24,15590,15592.393045122471
七張,2026-02-25,15960,15740.828628041212
七張,2026-02-26,16968,15853.948763406795
七張,2026-02-27,12185,11650.38773687289
七張,2026-02-28,12065,12854.90146091676
七張,2026-03-01,10157,10393.944262219848
七張,2026-03-02,15433,14884.013766471338
七張,2026-03-03,15462,15724.880588058932
七張,2026-03-04,16058,15744.176638385969
七張,2026-03-05,16245,15996.19790473084
七張,2026-03-06,17062,16712.947353609845
七張,2026-03-07,13242,12706.771268909371
七張,2026-03-08,11071,10786.234769431068
七張,2026-03-09,15626,15364.330275801494
七張,2026-03-10,15986,15830.752356511715
七張,2026-03-11,16408,16007.746714563906
七張,2026-03-12,15992,16097.091497747972
七張,2026-03-13,17209,16667.204911357756
七張,2026-03-14,13408,12929.71056863532
七張,2026-03-15,11528,10927.12335074069
七張,2026-03-16,15582,15542.170957418915
七張,2026-03-17,16038,15895.985823838018
七張,2026-03-18,16321,16061.4152921098
七張,2026-03-19,15855,16010.470633182367
七張,2026-03-20,17246,16655.557731680092
七張,2026-03-21,13484,12968.78322555781
七張,2026-03-22,11654,11028.910085889109
七張,2026-03-23,15497,15571.422637922758
七張,2026-03-24,15751,15881.377034741528
七張,2026-03-25,15912,15939.676621200262
七張,2026-03-26,16021,15807.052966574203
七張,2026-03-27,16737,16728.26000448066
七張,2026-03-28,12683,12799.963611199037
七張,2026-03-29,10266,10711.104503031918
七張,2026-03-30,15367,14934.293398711436
七張,2026-03-31,15800,15690.729637239603
七張,2026-04-01,15778,15898.64946762522
七張,2026-04-02,16883,15802.483718764412
七張,2026-04-03,11333,11939.40242358156
七張,2026-04-04,10033,12642.5151071123
七張,2026-04-05,10023,9490.413169183266
七張,2026-04-06,9263,9670.958620457875
七張,2026-04-07,15406,15254.5937185627
七張,2026-04-08,16011,15643.12166973252
七張,2026-04-09,16355,16011.011603428107
七張,2026-04-10,17656,16693.186659032002
七張,2026-04-11,12959,12703.49465053388
七張,2026-04-12,10830,10867.577643597207
七張,2026-04-13,15213,15158.66994290938
七張,2026-04-14,15600,15714.29332721676
七張,2026-04-15,15843,15865.39091399355
七張,2026-04-16,15777,15914.15831056207
七張,2026-04-17,16730,16666.584851140735
七張,2026-04-18,12729,12591.06737829406
七張,2026-04-19,11104,10652.388434150478
七張,2026-04-20,15203,15286.572654517871
七張,2026-04-21,15648,15689.694520484903
七張,2026-04-22,15932,15847.710599098522
七張,2026-04-23,15768,15884.541398022466
七張,2026-04-24,16433,16591.198758437844
七張,2026-04-25,12925,12499.289956639688
七張,2026-04-26,11443,10781.884612793168
七張,2026-04-27,15577,15418.239913359546
七張,2026-04-28,15839,15867.138119093046
七張,2026-04-29,15913,15965.012197066118
七張,2026-04-30,16934,15883.75130375353
七張,2026-05-01,12379,11957.31538124862
七張,2026-05-02,12111,13038.22417707154
七張,2026-05-03,10414,10594.924229930331
七張,2026-05-04,15716,14996.654369806138
七張,2026-05-05,15930,15848.683713427945
七張,2026-05-06,16277,15981.57863917534
七張,2026-05-07,16383,16216.332630916346
七張,2026-05-08,17035,16904.638137016744
七張,2026-05-09,12784,12649.918290198775
七張,2026-05-10,10664,10733.7032435389
七張,2026-05-11,15508,15237.00034677955
七張,2026-05-12,15923,15804.488755421396
七張,2026-05-13,15389,16020.161697102329
七張,2026-05-14,15572,15780.882664911434
七張,2026-05-15,16924,16499.51939229002
七張,2026-05-16,13319,12649.666347086342
七張,2026-05-17,11555,10929.587001672746
七張,2026-05-18,15184,15598.640199623318
七張,2026-05-19,15389,15749.977617506383
七張,2026-05-20,15784,15664.581067869707
七張,2026-05-21,15759,15840.58080637844
七張,2026-05-22,16597,16645.163258805238
七張,2026-05-23,14428,12637.817632300026
七張,2026-05-24,11153,11464.96812341184
七張,2026-05-25,14692,15405.579656218391
七張,2026-05-26,15630,15466.462044386635
七張,2026-05-27,15884,15804.630688800093
七張,2026-05-28,15567,15895.305510976332
七張,2026-05-29,16584,16524.379899997923
七張,2026-05-30,13300,12840.978317029989
七張,2026-05-31,10961,10897.250746624792
三和國中,2026-01-01,7826,9223.11195464237
三和國中,2026-01-02,14014,14285.158172210902
三和國中,2026-01-03,10085,10597.729593689117
三和國中,2026-01-04,8438,8452.983911032026
三和國中,2026-01-05,13876,13544.897233547785
三和國中,2026-01-06,13972,14121.762695125826
三和國中,2026-01-07,14040,14231.505236654752
三和國中,2026-01-08,14086,13996.31732901952
三和國中,2026-01-09,14825,14691.66244696816
三和國中,2026-01-10,10833,10912.064298056292
三和國中,2026-01-11,8669,8793.408933535586
三和國中,2026-01-12,13653,13710.971662069082
三和國中,2026-01-13,14028,14038.52956362369
三和國中,2026-01-14,13938,14222.662847676802
三和國中,2026-01-15,13780,14037.0030753551
三和國中,2026-01-16,14704,14604.551341409342
三和國中,2026-01-17,10676,10862.215808251636
三和國中,2026-01-18,8796,8710.208479053155
三和國中,2026-01-19,13548,13722.753088378842
三和國中,2026-01-20,14471,14011.05499541393
三和國中,2026-01-21,13877,14350.073045877083
三和國中,2026-01-22,13880,14004.855605352086
三和國中,2026-01-23,14887,14649.589257901134
三和國中,2026-01-24,11127,10914.948276498464
三和國中,2026-01-25,9315,8904.134897040656
三和國中,2026-01-26,13288,13919.446341218822
三和國中,2026-01-27,13752,14014.02307405344
三和國中,2026-01-28,13711,14027.35554731873
三和國中,2026-01-29,13985,13894.833503527128
三和國中,2026-01-30,14405,14698.090623454207
三和國中,2026-01-31,11164,10779.391801951142
三和國中,2026-02-01,9033,8941.280090789915
三和國中,2026-02-02,13236,13737.173438235191
三和國中,2026-02-03,13587,13921.90569094122
三和國中,2026-02-04,13955,13940.820471245834
三和國中,2026-02-05,13945,13991.695464830678
三和國中,2026-02-06,14379,14645.790372667205
三和國中,2026-02-07,11421,10812.100323189405
三和國中,2026-02-08,9261,9027.1553469579
三和國中,2026-02-09,13352,13797.201077362091
三和國中,2026-02-10,13616,13946.037839202356
三和國中,2026-02-11,13285,13978.286220065424
三和國中,2026-02-12,13554,13739.96951423386
三和國中,2026-02-13,13710,14440.533168611706
三和國中,2026-02-14,9138,10601.907138638844
三和國中,2026-02-15,7203,8174.372610266679
三和國中,2026-02-16,5221,6464.261095989915
三和國中,2026-02-17,7431,6737.979329912553
三和國中,2026-02-18,7951,7436.380744637184
三和國中,2026-02-19,8302,7697.506488700218
三和國中,2026-02-20,8691,9810.00722371289
三和國中,2026-02-21,9160,10458.123049131564
三和國中,2026-02-22,8004,8054.2247184353855
三和國中,2026-02-23,13414,13017.435229758214
三和國中,2026-02-24,13761,13951.9937310776
三和國中,2026-02-25,14372,14026.844992712526
三和國中,2026-02-26,14585,14210.690127969152
三和國中,2026-02-27,10219,9653.135449643574
三和國中,2026-02-28,10024,10900.649222902792
三和國中,2026-03-01,8445,8496.294105803401
三和國中,2026-03-02,13802,13355.132442882992
三和國中,2026-03-03,14040,14074.367002876856
三和國中,2026-03-04,14564,14182.491617451986
三和國中,2026-03-05,14582,14325.446540946596
三和國中,2026-03-06,14964,14823.21792897266
三和國中,2026-03-07,11241,10743.92618298392
三和國中,2026-03-08,8983,8922.47577160424
三和國中,2026-03-09,13920,13666.352686115324
三和國中,2026-03-10,14472,14163.081845390989
三和國中,2026-03-11,14441,14388.889682333009
三和國中,2026-03-12,14467,14324.43657746317
三和國中,2026-03-13,14937,14774.416728599832
三和國中,2026-03-14,11639,10836.586443357932
三和國中,2026-03-15,9320,9075.898724365452
三和國中,2026-03-16,13947,13825.729419066654
三和國中,2026-03-17,14261,14240.108505946962
三和國中,2026-03-18,14383,14306.022764841093
三和國中,2026-03-19,14438,14298.17508128574
三和國中,2026-03-20,15157,14772.759089340088
三和國中,2026-03-21,11491,11001.973425547574
三和國中,2026-03-22,9430,9064.600309148782
三和國中,2026-03-23,13955,13862.913563598226
三和國中,2026-03-24,14347,14237.36484249788
三和國中,2026-03-25,14480,14345.846372628066
三和國中,2026-03-26,14474,14350.618238611283
三和國中,2026-03-27,15135,14836.392638910322
三和國中,2026-03-28,10661,11025.406659311726
三和國中,2026-03-29,8571,8798.275142250797
三和國中,2026-03-30,13879,13505.781366073084
三和國中,2026-03-31,14180,14163.74421763349
三和國中,2026-04-01,14373,14285.107527220052
三和國中,2026-04-02,14544,14309.194710673264
三和國中,2026-04-03,9934,9848.141277224153
三和國中,2026-04-04,8705,10891.801110687127
三和國中,2026-04-05,8356,8025.688446837768
三和國中,2026-04-06,8047,8327.512479419904
三和國中,2026-04-07,14073,13835.091881273676
三和國中,2026-04-08,14383,14198.723135099975
三和國中,2026-04-09,14518,14323.557812404131
三和國中,2026-04-10,14897,14861.706930278102
三和國中,2026-04-11,11607,10587.67904099633
三和國中,2026-04-12,9220,9136.27221890045
三和國中,2026-04-13,13756,13787.647010287945
三和國中,2026-04-14,14103,14194.045442172328
三和國中,2026-04-15,14045,14283.300228585616
三和國中,2026-04-16,14210,14225.5548484102
三和國中,2026-04-17,14675,14730.854687823004
三和國中,2026-04-18,10895,10722.19865689698
三和國中,2026-04-19,8744,8856.148228636044
三和國中,2026-04-20,13719,13576.314089864334
三和國中,2026-04-21,13948,14121.967170242136
三和國中,2026-04-22,14200,14178.090517445447
三和國中,2026-04-23,14062,14260.269938506804
三和國中,2026-04-24,14881,14674.886285255683
三和國中,2026-04-25,10868,10772.196224816673
三和國中,2026-04-26,9299,8837.635581261433
三和國中,2026-04-27,13984,13800.62141768418
三和國中,2026-04-28,14140,14231.947398861525
三和國中,2026-04-29,14302,14282.618872598448
三和國中,2026-04-30,15103,14285.918448317729
三和國中,2026-05-01,10530,10066.207237876511
三和國中,2026-05-02,10262,11085.581686459947
三和國中,2026-05-03,8850,8733.255007768475
三和國中,2026-05-04,14125,13627.000726046335
三和國中,2026-05-05,14664,14248.109486017353
三和國中,2026-05-06,14484,14479.653304357247
三和國中,2026-05-07,14570,14502.833863859583
三和國中,2026-05-08,14693,14968.184441005962
三和國中,2026-05-09,11030,10624.875522171307
三和國中,2026-05-10,8843,8953.10402160244
三和國中,2026-05-11,13862,13719.151833316011
三和國中,2026-05-12,14177,14217.926456800373
三和國中,2026-05-13,14316,14286.600197868578
三和國中,2026-05-14,14437,14382.630722253913
三和國中,2026-05-15,14984,14846.057849089157
三和國中,2026-05-16,11198,10812.464983582506
三和國中,2026-05-17,9753,9008.924565195954
三和國中,2026-05-18,13764,14060.479956270015
三和國中,2026-05-19,13995,14213.930847955944
三和國中,2026-05-20,14111,14227.030244623858
三和國中,2026-05-21,14174,14299.774858492056
三和國中,2026-05-22,14545,14765.98315192323
三和國中,2026-05-23,11704,10669.530466083428
三和國中,2026-05-24,9406,9269.649519110417
三和國中,2026-05-25,13866,13911.399677113448
三和國中,2026-05-26,14017,14206.222186271092
三和國中,2026-05-27,14109,14221.512422484268
三和國中,2026-05-28,14019,14281.269421620276
三和國中,2026-05-29,15012,14674.145750650749
三和國中,2026-05-30,11047,10951.768855212536
三和國中,2026-05-31,9211,9040.48043046258
三民高中,2026-01-01,6999,7839.083287393119
三民高中,2026-01-02,12450,12921.822536017811
三民高中,2026-01-03,8928,9348.828517188733
三民高中,2026-01-04,7394,7383.041689358728
三民高中,2026-01-05,12577,12051.2868791784
三民高中,2026-01-06,12681,12755.261050479752
三民高中,2026-01-07,12880,12706.163225513825
三民高中,2026-01-08,12860,12624.394289001872
三民高中,2026-01-09,13379,13317.890431589438
三民高中,2026-01-10,10172,9788.067281191765
三民高中,2026-01-11,8037,7938.946243947257
三民高中,2026-01-12,12330,12403.218478846127
三民高中,2026-01-13,12624,12633.72876922914
三民高中,2026-01-14,12944,12745.217222057723
三民高中,2026-01-15,13024,12763.85980206241
三民高中,2026-01-16,13278,13441.343639819905
三民高中,2026-01-17,10653,9860.892079071626
三民高中,2026-01-18,8655,8144.016901894023
三民高中,2026-01-19,12284,12612.870585143735
三民高中,2026-01-20,12884,12649.271795768163
三民高中,2026-01-21,12850,12872.515877529782
三民高中,2026-01-22,12885,12766.717047367703
三民高中,2026-01-23,13622,13355.654279826296
三民高中,2026-01-24,10067,10086.046913782948
三民高中,2026-01-25,8437,7992.394468681878
三民高中,2026-01-26,11870,12446.304951808055
三民高中,2026-01-27,12261,12503.705605328272
三民高中,2026-01-28,12205,12573.5065289443
三民高中,2026-01-29,12566,12463.138609627884
三民高中,2026-01-30,12926,13244.727407898105
三民高中,2026-01-31,10199,9704.002067391464
三民高中,2026-02-01,7742,8029.462545789725
三民高中,2026-02-02,11628,12106.326918908686
三民高中,2026-02-03,12180,12311.317308372834
三民高中,2026-02-04,12407,12466.717772359458
三民高中,2026-02-05,12614,12541.55834700701
三民高中,2026-02-06,13235,13201.788888417515
三民高中,2026-02-07,10376,9903.622119872767
三民高中,2026-02-08,8301,8027.650114045135
三民高中,2026-02-09,11924,12326.150300785734
三民高中,2026-02-10,12393,12460.98091826158
三民高中,2026-02-11,12295,12596.375546321928
三民高中,2026-02-12,12520,12509.670304410109
三民高中,2026-02-13,12322,13191.172362453708
三民高中,2026-02-14,8597,9554.602006286232
三民高中,2026-02-15,6666,7320.602155367318
三民高中,2026-02-16,4436,6117.449775889026
三民高中,2026-02-17,7988,6099.601945097252
三民高中,2026-02-18,7874,7426.281636764224
三民高中,2026-02-19,8088,7519.086784972786
三民高中,2026-02-20,8536,8744.671072469628
三民高中,2026-02-21,8857,9819.078054359325
三民高中,2026-02-22,7637,7360.123994623906
三民高中,2026-02-23,12441,11748.522090517406
三民高中,2026-02-24,12958,12931.541706737447
三民高中,2026-02-25,13086,12907.063720646836
三民高中,2026-02-26,13623,12942.959139490376
三民高中,2026-02-27,9448,8820.04075328243
三民高中,2026-02-28,9313,10126.336166492269
三民高中,2026-03-01,7484,7692.399203934488
三民高中,2026-03-02,12706,11979.885490926215
三民高中,2026-03-03,12708,12868.591470859896
三民高中,2026-03-04,13023,12808.49696354601
三民高中,2026-03-05,13049,12959.71143299311
三民高中,2026-03-06,13830,13482.42264750102
三民高中,2026-03-07,10672,9906.582370902624
三民高中,2026-03-08,8190,8169.915001177209
三民高中,2026-03-09,12725,12399.739579178631
三民高中,2026-03-10,12934,12874.996018412232
三民高中,2026-03-11,13316,12919.853518697704
三民高中,2026-03-12,13348,13037.697560277167
三民高中,2026-03-13,13837,13620.25051274077
三民高中,2026-03-14,10579,10129.490410028153
三民高中,2026-03-15,8444,8154.616462706126
三民高中,2026-03-16,12710,12478.1039612551
三民高中,2026-03-17,13080,12902.78310188394
三民高中,2026-03-18,13165,13019.715162807232
三民高中,2026-03-19,13135,13016.559196797076
三民高中,2026-03-20,13713,13523.085464534544
三民高中,2026-03-21,10422,10076.532526357834
三民高中,2026-03-22,8189,8127.80259343207
三民高中,2026-03-23,12549,12364.200175493232
三民高中,2026-03-24,13044,12846.611611583636
三民高中,2026-03-25,13069,12979.302638812154
三民高中,2026-03-26,13054,12962.955757518264
三民高中,2026-03-27,13320,13490.586535686243
三民高中,2026-03-28,10151,9918.129819141652
三民高中,2026-03-29,7618,7980.171063326432
三民高中,2026-03-30,12703,12119.185540988368
三民高中,2026-03-31,12979,12892.12254160054
三民高中,2026-04-01,12935,12953.400073665443
三民高中,2026-04-02,13520,12905.789652222036
三民高中,2026-04-03,8476,8850.983097069613
三民高中,2026-04-04,7730,9912.822664664844
三民高中,2026-04-05,7687,6930.603897505089
三民高中,2026-04-06,7289,7319.026957656601
三民高中,2026-04-07,12587,12614.36011657056
三民高中,2026-04-08,13155,12747.108035052204
三民高中,2026-04-09,13100,13056.376143426076
三民高中,2026-04-10,13770,13419.345257495208
三民高中,2026-04-11,10087,9740.01664658024
三民高中,2026-04-12,8092,8062.06549511621
三民高中,2026-04-13,12549,12322.78295039592
三民高中,2026-04-14,12866,12833.129699914563
三民高中,2026-04-15,13149,12953.54631050916
三民高中,2026-04-16,12860,13021.749967398837
三民高中,2026-04-17,13741,13413.492813364546
三民高中,2026-04-18,10092,9965.510212642475
三民高中,2026-04-19,8247,8000.503313432982
三民高中,2026-04-20,12427,12417.539008813868
三民高中,2026-04-21,12843,12797.906659290224
三民高中,2026-04-22,12941,12932.262761424254
三民高中,2026-04-23,12697,12900.218686621474
三民高中,2026-04-24,13465,13359.08108881749
三民高中,2026-04-25,9995,9852.706530297428
三民高中,2026-04-26,8631,7974.232192978803
三民高中,2026-04-27,12507,12547.40752483812
三民高中,2026-04-28,12974,12853.30238689821
三民高中,2026-04-29,12976,12971.586602433672
三民高中,2026-04-30,13521,12904.061518003567
三民高中,2026-05-01,9663,8904.829870966072
三民高中,2026-05-02,9288,10300.416030253224
三民高中,2026-05-03,7686,7819.981858148109
三民高中,2026-05-04,12618,12124.622339553433
三民高中,2026-05-05,12873,12860.91352692556
三民高中,2026-05-06,13372,12927.234248368088
三民高中,2026-05-07,13136,13175.316948506488
三民高中,2026-05-08,13770,13647.799877711675
三民高中,2026-05-09,9909,9840.222153838344
三民高中,2026-05-10,7822,7953.353309650616
三民高中,2026-05-11,12660,12286.796309008743
三民高中,2026-05-12,12892,12878.761709933093
三民高中,2026-05-13,12843,13006.553559852087
三民高中,2026-05-14,12595,12901.63076777286
三民高中,2026-05-15,13804,13349.68820831096
三民高中,2026-05-16,10487,9924.171210759856
三民高中,2026-05-17,8899,8171.386076209677
三民高中,2026-05-18,12377,12767.301536964616
三民高中,2026-05-19,12695,12821.963731029504
三民高中,2026-05-20,13059,12853.558151451234
三民高中,2026-05-21,12582,12928.81794145026
三民高中,2026-05-22,13305,13405.767932256344
三民高中,2026-05-23,10556,9812.455876648712
三民高中,2026-05-24,8148,8299.303001185783
三民高中,2026-05-25,12366,12363.13015499088
三民高中,2026-05-26,12751,12758.134413547508
三民高中,2026-05-27,12775,12913.302871590538
三民高中,2026-05-28,12803,12789.400752791656
三民高中,2026-05-29,13289,13422.56372842296
三民高中,2026-05-30,10554,9879.8715962819
三民高中,2026-05-31,7851,8210.696678990278
三重,2026-01-01,7056,7721.187870994954
三重,2026-01-02,10047,10020.498632119668
三重,2026-01-03,10485,8522.75387941334
三重,2026-01-04,7772,8608.858739444579
三重,2026-01-05,9924,9506.922293542446
三重,2026-01-06,10009,10038.483329841849
三重,2026-01-07,10025,9965.095740172166
三重,2026-01-08,9740,9631.29717958867
三重,2026-01-09,10461,10194.017728704175
三重,2026-01-10,8912,9234.410447238204
三重,2026-01-11,7983,7687.730312827574
三重,2026-01-12,9702,9624.045053029826
三重,2026-01-13,9887,9853.357621949468
三重,2026-01-14,9932,9915.200292881362
三重,2026-01-15,9855,9712.655276137966
三重,2026-01-16,10476,10292.519594464244
三重,2026-01-17,8960,8930.15324287262
三重,2026-01-18,7896,7878.455185626279
三重,2026-01-19,9670,9532.065021801458
三重,2026-01-20,10103,9841.544701439729
三重,2026-01-21,9626,10003.932072696114
三重,2026-01-22,9683,9608.46118063744
三重,2026-01-23,10683,10233.28105825614
三重,2026-01-24,8870,9034.164715398383
三重,2026-01-25,7997,7816.967193951576
三重,2026-01-26,9634,9590.232328432852
三重,2026-01-27,10019,9879.180563281066
三重,2026-01-28,9744,9875.278887013026
三重,2026-01-29,10072,9662.336809998644
三重,2026-01-30,10876,10477.375184383243
三重,2026-01-31,8268,9066.021840288551
三重,2026-02-01,6745,7586.466643192311
三重,2026-02-02,9429,9049.58120514496
三重,2026-02-03,10173,9821.979367309656
三重,2026-02-04,10433,9961.560432554175
三重,2026-02-05,10487,10043.581386392523
三重,2026-02-06,10647,10673.697872490073
三重,2026-02-07,8789,8787.217166596734
三重,2026-02-08,7044,7598.567786068446
三重,2026-02-09,9623,9246.5205619206
三重,2026-02-10,10331,9959.58228903924
三重,2026-02-11,10126,10161.198404015517
三重,2026-02-12,10209,9957.230018925757
三重,2026-02-13,10139,10494.82917282613
三重,2026-02-14,8092,8675.568828304115
三重,2026-02-15,6754,7277.5126908404
三重,2026-02-16,4564,5043.534244743201
三重,2026-02-17,6351,5468.228225068508
三重,2026-02-18,6984,6055.50438409008
三重,2026-02-19,8751,6246.026292583101
三重,2026-02-20,11785,9423.09838132031
三重,2026-02-21,16085,10130.0796406345
三重,2026-02-22,14676,10633.182659536003
三重,2026-02-23,12987,12259.96357696372
三重,2026-02-24,14753,11429.327195212943
三重,2026-02-25,12391,12165.436013186309
三重,2026-02-26,14705,11377.674906529684
三重,2026-02-27,18131,10791.820183304955
三重,2026-02-28,22069,14337.611488572802
三重,2026-03-01,16021,14113.288953030484
三重,2026-03-02,12682,12918.839958242805
三重,2026-03-03,11628,11935.789974008538
三重,2026-03-04,11226,10747.119904603936
三重,2026-03-05,12234,11419.803173598964
三重,2026-03-06,13614,13309.862800234612
三重,2026-03-07,21360,12599.076813127733
三重,2026-03-08,16296,13938.549628343022
三重,2026-03-09,10115,12908.870167299345
三重,2026-03-10,10400,10299.710160033474
三重,2026-03-11,10652,10346.628890321766
三重,2026-03-12,10618,10923.065869501906
三重,2026-03-13,11073,11726.902800684074
三重,2026-03-14,9929,12518.907283835397
三重,2026-03-15,8497,9250.628362798332
三重,2026-03-16,10084,9162.944880273555
三重,2026-03-17,10401,10469.278056426136
三重,2026-03-18,10500,10340.74665042852
三重,2026-03-19,10655,10607.261889173047
三重,2026-03-20,11260,11397.300207715529
三重,2026-03-21,11688,10716.84617303486
三重,2026-03-22,11707,9489.642296010092
三重,2026-03-23,10187,11086.738087784275
三重,2026-03-24,10306,10396.454787847286
三重,2026-03-25,10414,10290.175416387274
三重,2026-03-26,10385,10592.388483535931
三重,2026-03-27,10857,11298.772961063038
三重,2026-03-28,10962,10893.142630520148
三重,2026-03-29,7497,9744.604498067618
三重,2026-03-30,10057,8996.63873318773
三重,2026-03-31,10257,10436.517618076865
三重,2026-04-01,10176,10266.689707200918
三重,2026-04-02,10348,10436.460852524146
三重,2026-04-03,7459,9085.978290330537
三重,2026-04-04,6746,10251.187091079304
三重,2026-04-05,7490,7135.683738746709
三重,2026-04-06,6156,7335.1315275440975
三重,2026-04-07,9711,9623.298961364835
三重,2026-04-08,10118,10035.21349606383
三重,2026-04-09,10440,10427.11983626866
三重,2026-04-10,10966,10925.452610101149
三重,2026-04-11,8954,9998.935833825291
三重,2026-04-12,8175,8382.862724805676
三重,2026-04-13,10076,9306.518717583622
三重,2026-04-14,10084,10438.012336477668
三重,2026-04-15,10401,10178.124680966544
三重,2026-04-16,10261,10561.785491587394
三重,2026-04-17,10762,11062.331494500064
三重,2026-04-18,8647,10101.333243800113
三重,2026-04-19,8445,8199.21304262149
三重,2026-04-20,9673,9742.57348145058
三重,2026-04-21,10138,10163.556985711555
三重,2026-04-22,10513,10256.755402869316
三重,2026-04-23,10197,10538.308674099071
三重,2026-04-24,10747,10990.183936138648
三重,2026-04-25,8030,9954.079278123974
三重,2026-04-26,8996,8013.124284409358
三重,2026-04-27,10157,9908.399779988718
三重,2026-04-28,10528,10396.029659536853
三重,2026-04-29,10343,10446.294047426378
三重,2026-04-30,10723,10411.25472941484
三重,2026-05-01,8765,9086.180493471576
三重,2026-05-02,8883,9760.986422772748
三重,2026-05-03,7378,8588.524076549606
三重,2026-05-04,10292,9233.99082132572
三重,2026-05-05,10188,10541.56153746031
三重,2026-05-06,10536,10230.170027334389
三重,2026-05-07,10605,10627.576540594737
三重,2026-05-08,10569,11113.960791113272
三重,2026-05-09,10306,9692.411065509245
三重,2026-05-10,7398,8805.362636011992
三重,2026-05-11,10104,9422.233648291558
三重,2026-05-12,10269,10362.945430396854
三重,2026-05-13,10118,10349.690811919983
三重,2026-05-14,10195,10406.234088812096
三重,2026-05-15,11388,10863.675710242374
三重,2026-05-16,10799,10360.053982542202
三重,2026-05-17,8499,8795.533921806738
三重,2026-05-18,9989,9915.19849116291
三重,2026-05-19,10199,10303.18349035445
三重,2026-05-20,10392,10232.217233544996
三重,2026-05-21,10186,10475.331597095712
三重,2026-05-22,10726,11051.722156375456
三重,2026-05-23,9755,10124.055668433
三重,2026-05-24,7702,8484.178507833523
三重,2026-05-25,9897,9504.160136882274
三重,2026-05-26,10199,10276.772220308503
三重,2026-05-27,10065,10294.102276940856
三重,2026-05-28,10064,10290.023190535914
三重,2026-05-29,10811,10877.203608206417
三重,2026-05-30,8951,10013.539839580078
三重,2026-05-31,7568,8014.814313748155
三重國小,2026-01-01,8128,8964.163280486586
三重國小,2026-01-02,12452,13022.159382466674
三重國小,2026-01-03,10105,10515.660900803136
三重國小,2026-01-04,8397,8545.038698295306
三重國小,2026-01-05,12100,12048.555872881996
三重國小,2026-01-06,12445,12580.945404218564
三重國小,2026-01-07,12618,12672.84616061416
三重國小,2026-01-08,12474,12586.137793928809
三重國小,2026-01-09,13364,13187.978478649222
三重國小,2026-01-10,11059,10833.652847892106
三重國小,2026-01-11,8771,8908.438210322598
三重國小,2026-01-12,12124,12183.114198994344
三重國小,2026-01-13,12577,12550.3598066686
三重國小,2026-01-14,12599,12732.419449350242
三重國小,2026-01-15,12631,12609.161399308638
三重國小,2026-01-16,13191,13314.922283994983
三重國小,2026-01-17,11172,10823.637005403696
三重國小,2026-01-18,8826,8942.950930974603
三重國小,2026-01-19,12049,12190.962224154882
三重國小,2026-01-20,12611,12530.756768294035
三重國小,2026-01-21,12522,12730.020955165097
三重國小,2026-01-22,12351,12591.337337241892
三重國小,2026-01-23,13645,13174.664204991375
三重國小,2026-01-24,11372,11052.287990091934
三重國小,2026-01-25,9359,9011.449776891044
三重國小,2026-01-26,12265,12386.387494029075
三重國小,2026-01-27,12623,12626.3238344668
三重國小,2026-01-28,12643,12709.127489254644
三重國小,2026-01-29,12873,12601.930329444616
三重國小,2026-01-30,13565,13465.85718515833
三重國小,2026-01-31,11107,11045.278082109242
三重國小,2026-02-01,8899,8966.90659685057
三重國小,2026-02-02,12075,12191.475043630342
三重國小,2026-02-03,12457,12546.94371846454
三重國小,2026-02-04,13003,12645.664679323922
三重國小,2026-02-05,12963,12805.504369547923
三重國小,2026-02-06,13676,13488.063208191154
三重國小,2026-02-07,11573,11078.833050551708
三重國小,2026-02-08,9466,9124.032402800434
三重國小,2026-02-09,12169,12407.564895229712
三重國小,2026-02-10,12976,12567.165353224167
三重國小,2026-02-11,12695,12916.161348670965
三重國小,2026-02-12,12926,12687.167399187409
三重國小,2026-02-13,13029,13496.775603537128
三重國小,2026-02-14,9688,10889.64254309928
三重國小,2026-02-15,7626,8421.48086869683
三重國小,2026-02-16,5733,6642.059864426479
三重國小,2026-02-17,7546,7065.387160538601
三重國小,2026-02-18,8340,7693.813466250711
三重國小,2026-02-19,8375,7976.307521895716
三重國小,2026-02-20,8842,9814.618257016686
三重國小,2026-02-21,9475,10501.864851396937
三重國小,2026-02-22,8391,8192.843802554782
三重國小,2026-02-23,11998,11827.627678593975
三重國小,2026-02-24,12271,12625.66218328424
三重國小,2026-02-25,13277,12689.302733374325
三重國小,2026-02-26,13322,13001.956143164323
三重國小,2026-02-27,10439,9666.7178240665
三重國小,2026-02-28,10126,11056.715423103917
三重國小,2026-03-01,8441,8523.196884608287
三重國小,2026-03-02,12448,11925.74298769029
三重國小,2026-03-03,12519,12721.582936457124
三重國小,2026-03-04,12810,12841.522699120604
三重國小,2026-03-05,13130,12836.8989824227
三重國小,2026-03-06,13587,13548.649568199586
三重國小,2026-03-07,11206,10723.63789661947
三重國小,2026-03-08,8936,8942.8571348392
三重國小,2026-03-09,12253,12194.951999867264
三重國小,2026-03-10,13164,12626.757378212587
三重國小,2026-03-11,13073,13061.330827432575
三重國小,2026-03-12,12910,12964.485575407589
三重國小,2026-03-13,13616,13422.30670557903
三重國小,2026-03-14,11366,10872.553508696938
三重國小,2026-03-15,9584,9010.621155777824
三重國小,2026-03-16,12495,12433.84505035799
三重國小,2026-03-17,12872,12818.3663337241
三重國小,2026-03-18,12989,12942.720619858685
三重國小,2026-03-19,12877,12904.911077372042
三重國小,2026-03-20,13707,13434.649682320149
三重國小,2026-03-21,11637,10962.631721590404
三重國小,2026-03-22,9616,9210.489260807775
三重國小,2026-03-23,12382,12449.014985822772
三重國小,2026-03-24,12719,12749.87028860582
三重國小,2026-03-25,12889,12888.031555459676
三重國小,2026-03-26,12762,12862.919086084214
三重國小,2026-03-27,13700,13419.607158212162
三重國小,2026-03-28,11131,11035.358567411082
三重國小,2026-03-29,8747,9035.348605247016
三重國小,2026-03-30,12258,12085.926950467194
三重國小,2026-03-31,12497,12694.92570448588
三重國小,2026-04-01,12787,12796.222818370245
三重國小,2026-04-02,13067,12808.977776934003
三重國小,2026-04-03,9825,9795.060448668934
三重國小,2026-04-04,8877,10965.91356422576
三重國小,2026-04-05,8577,8051.868478564776
三重國小,2026-04-06,7915,8286.525548306567
三重國小,2026-04-07,12245,12436.50089103432
三重國小,2026-04-08,12782,12696.109702220709
三重國小,2026-04-09,12771,12855.148623166157
三重國小,2026-04-10,13619,13437.710295506917
三重國小,2026-04-11,10855,10638.49998308026
三重國小,2026-04-12,9042,8950.09550500658
三重國小,2026-04-13,12234,12169.48341168766
三重國小,2026-04-14,12467,12635.480179973069
三重國小,2026-04-15,12601,12796.577649755063
三重國小,2026-04-16,12566,12752.40207600871
三重國小,2026-04-17,13248,13381.334455824524
三重國小,2026-04-18,10813,10647.227604467842
三重國小,2026-04-19,8883,8919.71546527919
三重國小,2026-04-20,12160,12136.878291410132
三重國小,2026-04-21,12483,12592.300379224964
三重國小,2026-04-22,12684,12767.72295061645
三重國小,2026-04-23,12593,12760.566856420975
三重國小,2026-04-24,13548,13359.802144727346
三重國小,2026-04-25,10654,10790.37372165062
三重國小,2026-04-26,9331,8840.09573950643
三重國小,2026-04-27,12497,12320.556892637604
三重國小,2026-04-28,12703,12719.559525183258
三重國小,2026-04-29,12756,12852.79924999018
三重國小,2026-04-30,13609,12773.39260332618
三重國小,2026-05-01,10554,10031.690225594064
三重國小,2026-05-02,10184,11068.732022814504
三重國小,2026-05-03,8545,8723.734170164209
三重國小,2026-05-04,12469,12031.6449540177
三重國小,2026-05-05,12912,12717.83904667827
三重國小,2026-05-06,13079,12928.067372654785
三重國小,2026-05-07,12862,13044.799160671197
三重國小,2026-05-08,13400,13574.266690632892
三重國小,2026-05-09,10827,10565.67787252058
三重國小,2026-05-10,8915,8932.683655051156
三重國小,2026-05-11,12168,12235.31552666408
三重國小,2026-05-12,12369,12625.709344976978
三重國小,2026-05-13,12467,12740.095642921351
三重國小,2026-05-14,12787,12722.86232457829
三重國小,2026-05-15,13391,13488.56167199938
三重國小,2026-05-16,11111,10656.625741261156
三重國小,2026-05-17,9372,9053.488064918944
三重國小,2026-05-18,12186,12381.15994250456
三重國小,2026-05-19,12437,12578.363406048376
三重國小,2026-05-20,12609,12716.120581566967
三重國小,2026-05-21,12485,12797.399321053648
三重國小,2026-05-22,13307,13358.223982086312
三重國小,2026-05-23,11063,10684.125289327843
三重國小,2026-05-24,9000,9086.241111083826
三重國小,2026-05-25,12101,12202.35037590686
三重國小,2026-05-26,12519,12538.57525416608
三重國小,2026-05-27,12652,12748.629074686156
三重國小,2026-05-28,12646,12761.922869690972
三重國小,2026-05-29,13388,13421.456140570226
三重國小,2026-05-30,11156,10747.541667993492
三重國小,2026-05-31,8735,9091.01741814497
中原,2026-01-01,591,613.9204228464059
中原,2026-01-02,1793,1971.781667755896
中原,2026-01-03,718,660.7768346771131
中原,2026-01-04,567,572.2579417813697
中原,2026-01-05,2014,1896.044587755981
中原,2026-01-06,1964,2035.5869101931837
中原,2026-01-07,2007,1966.2635036648903
中原,2026-01-08,1916,1980.2711554371049
中原,2026-01-09,2096,1880.0054803042124
中原,2026-01-10,785,787.9723921025122
中原,2026-01-11,610,652.0210266305332
中原,2026-01-12,1925,1999.4692771416148
中原,2026-01-13,1981,2005.1276161312085
中原,2026-01-14,2001,1986.1414496333773
中原,2026-01-15,1975,1956.492407017844
中原,2026-01-16,2116,1983.740537819583
中原,2026-01-17,733,806.8367543498941
中原,2026-01-18,623,626.4213862802196
中原,2026-01-19,2048,1971.5588765856508
中原,2026-01-20,2050,2044.5593667237329
中原,2026-01-21,2045,2044.0358938312
中原,2026-01-22,2070,2008.150742463357
中原,2026-01-23,2110,2093.438649840813
中原,2026-01-24,765,808.7939802252401
中原,2026-01-25,724,653.1540707223082
中原,2026-01-26,1963,2054.402235320797
中原,2026-01-27,2069,2041.588517860563
中原,2026-01-28,2030,2049.2293761245955
中原,2026-01-29,1973,2027.7603536919448
中原,2026-01-30,2162,2059.5449637613774
中原,2026-01-31,821,792.172638184584
中原,2026-02-01,658,701.3062295398406
中原,2026-02-02,2020,2005.7876881741813
中原,2026-02-03,1977,2066.583524226452
中原,2026-02-04,2038,2013.633659029466
中原,2026-02-05,2037,1995.613477953472
中原,2026-02-06,2094,2116.6601804748043
中原,2026-02-07,803,786.1424468906655
中原,2026-02-08,609,669.274661150904
中原,2026-02-09,1926,1983.5958986494963
中原,2026-02-10,1966,1981.8615641559957
中原,2026-02-11,1956,1991.5136794966684
中原,2026-02-12,1998,1962.4860654913075
中原,2026-02-13,1819,2067.3958108103043
中原,2026-02-14,579,662.9041980261447
中原,2026-02-15,431,491.097703458629
中原,2026-02-16,293,441.62114886399945
中原,2026-02-17,467,423.9614779173805
中原,2026-02-18,431,462.40943463833696
中原,2026-02-19,496,468.4787588642905
中原,2026-02-20,569,469.34807651507504
中原,2026-02-21,634,618.2124079876664
中原,2026-02-22,626,483.4028022344048
中原,2026-02-23,1879,1839.8213825574653
中原,2026-02-24,1975,1938.469546168196
中原,2026-02-25,2048,1942.1593037275377
中原,2026-02-26,1996,2009.228229977279
中原,2026-02-27,727,642.5948425163213
中原,2026-02-28,739,757.4020521845807
中原,2026-03-01,602,647.4434233989796
中原,2026-03-02,1943,1903.1181985453088
中原,2026-03-03,1969,2002.5833487703096
中原,2026-03-04,2014,2005.6230315880011
中原,2026-03-05,2066,2003.501353707445
中原,2026-03-06,2093,2082.220412079604
中原,2026-03-07,897,758.7416828959256
中原,2026-03-08,766,696.8428537070811
中原,2026-03-09,1970,2017.155590633516
中原,2026-03-10,2098,2052.577438678916
中原,2026-03-11,2053,2092.062003460253
中原,2026-03-12,2028,2085.714356782817
中原,2026-03-13,1962,2102.025171505579
中原,2026-03-14,911,766.9322091594906
中原,2026-03-15,696,705.5036897325051
中原,2026-03-16,1976,1963.1107429481544
中原,2026-03-17,2045,2052.786627617624
中原,2026-03-18,1985,2047.945714570053
中原,2026-03-19,1997,2021.9766633697704
中原,2026-03-20,1997,2015.6897719724973
中原,2026-03-21,883,816.1994272678528
中原,2026-03-22,731,688.7160940619035
中原,2026-03-23,1977,1974.82432255488
中原,2026-03-24,2002,2053.833511608287
中原,2026-03-25,2027,2009.7551420900468
中原,2026-03-26,2055,2021.517336250948
中原,2026-03-27,2063,2036.2833830501656
中原,2026-03-28,794,881.175110383894
中原,2026-03-29,656,690.500825527479
中原,2026-03-30,1911,1938.8266267742365
中原,2026-03-31,2049,1989.37149503248
中原,2026-04-01,2071,2011.0843205648328
中原,2026-04-02,1967,2048.6078300733766
中原,2026-04-03,657,638.0404182897632
中原,2026-04-04,585,824.8485397225279
中原,2026-04-05,584,582.947353955632
中原,2026-04-06,516,469.4285516879672
中原,2026-04-07,2017,1965.476090082673
中原,2026-04-08,2075,1996.6408922798785
中原,2026-04-09,2031,2000.6199464886204
中原,2026-04-10,2093,2042.247407230371
中原,2026-04-11,811,765.6677780575453
中原,2026-04-12,681,687.9063701379116
中原,2026-04-13,1961,1960.8045448944777
中原,2026-04-14,2059,2058.187930428364
中原,2026-04-15,2037,2080.7244766942936
中原,2026-04-16,2083,2025.8137893089129
中原,2026-04-17,2027,2088.7753464318994
中原,2026-04-18,766,771.2743758898839
中原,2026-04-19,694,661.6288526846142
中原,2026-04-20,1958,1953.5470591055464
中原,2026-04-21,2038,2053.449313713874
中原,2026-04-22,2018,2053.5211973594646
中原,2026-04-23,2179,2033.8853791476813
中原,2026-04-24,2142,2096.642453671853
中原,2026-04-25,826,830.6535594530476
中原,2026-04-26,684,729.3686866387177
中原,2026-04-27,1980,1980.391622826144
中原,2026-04-28,1947,2069.529911542541
中原,2026-04-29,1979,2015.9753165932575
中原,2026-04-30,2064,2059.6829251392755
中原,2026-05-01,710,672.420524424226
中原,2026-05-02,742,777.6208371982736
中原,2026-05-03,643,652.5995275582061
中原,2026-05-04,2061,1932.809120413529
中原,2026-05-05,2186,2031.056340679012
中原,2026-05-06,2046,2099.973047739016
中原,2026-05-07,2055,2138.584266531089
中原,2026-05-08,2069,2104.518572634182
中原,2026-05-09,801,774.9637184195878
中原,2026-05-10,641,677.8177030689615
中原,2026-05-11,1952,1994.706097172002
中原,2026-05-12,2100,2053.35086812175
中原,2026-05-13,2149,2027.590486075464
中原,2026-05-14,2039,2120.6486594495773
中原,2026-05-15,2078,2091.8537504915907
中原,2026-05-16,836,788.5213174886997
中原,2026-05-17,696,679.917257387415
中原,2026-05-18,1930,2008.5842882116865
中原,2026-05-19,1973,2077.507461674306
中原,2026-05-20,2006,2026.467423611081
中原,2026-05-21,1998,2009.9131774029267
中原,2026-05-22,1971,2028.5377542345364
中原,2026-05-23,781,733.6231250082835
中原,2026-05-24,618,626.3785965330808
中原,2026-05-25,1888,1917.591204790133
中原,2026-05-26,1957,1989.7623705784863
中原,2026-05-27,1994,1986.901326050584
中原,2026-05-28,1955,1984.201906981012
中原,2026-05-29,2104,1979.0757466554992
中原,2026-05-30,802,788.8200479545578
中原,2026-05-31,650,651.1851692282987
中和,2026-01-01,1802,1878.8838501584344
中和,2026-01-02,2741,2826.4737270848686
中和,2026-01-03,2107,2327.209775789219
中和,2026-01-04,1765,1760.1730101998066
中和,2026-01-05,2477,2441.3552648514574
中和,2026-01-06,2499,2539.152639693815
中和,2026-01-07,2575,2575.904305388255
中和,2026-01-08,2509,2544.733282856984
中和,2026-01-09,2629,2650.9700449201205
中和,2026-01-10,2373,2172.6539510043403
中和,2026-01-11,1775,1852.3933044873415
中和,2026-01-12,2419,2488.413578094541
中和,2026-01-13,2468,2519.710026254608
中和,2026-01-14,2515,2552.0561201089727
中和,2026-01-15,2590,2499.1122354518443
中和,2026-01-16,2696,2675.8718233591208
中和,2026-01-17,2265,2248.4098091980813
中和,2026-01-18,1876,1803.030880484844
中和,2026-01-19,2621,2517.743570306046
中和,2026-01-20,2646,2638.831915655131
中和,2026-01-21,2485,2695.1059271492613
中和,2026-01-22,2617,2555.5446658950627
中和,2026-01-23,2811,2711.4668308735863
中和,2026-01-24,2399,2324.287126722161
中和,2026-01-25,1852,1917.037237923839
中和,2026-01-26,2501,2561.3061670162665
中和,2026-01-27,2593,2587.230689373849
中和,2026-01-28,2511,2617.6649834183745
中和,2026-01-29,2672,2556.0667745182045
中和,2026-01-30,2666,2751.3869245367864
中和,2026-01-31,2341,2266.263890304731
中和,2026-02-01,1915,1848.715824742664
中和,2026-02-02,2495,2562.388365684384
中和,2026-02-03,2495,2588.751061135399
中和,2026-02-04,2586,2553.1467384879047
中和,2026-02-05,2688,2589.593611335543
中和,2026-02-06,2768,2755.7113103429942
中和,2026-02-07,2463,2337.29576986806
中和,2026-02-08,1923,1949.6004294255408
中和,2026-02-09,2589,2596.030609564176
中和,2026-02-10,2623,2644.577281046297
中和,2026-02-11,2710,2655.863197992657
中和,2026-02-12,2686,2708.263630231272
中和,2026-02-13,2534,2800.9028247220517
中和,2026-02-14,1902,2243.3957186904445
中和,2026-02-15,1507,1596.3109056216642
中和,2026-02-16,1222,1217.7129850975407
中和,2026-02-17,1441,1288.507276762247
中和,2026-02-18,1665,1418.479955246818
中和,2026-02-19,1762,1579.594235877445
中和,2026-02-20,1712,1898.0212556884944
中和,2026-02-21,2036,2221.959611148872
中和,2026-02-22,1788,1667.6067386332954
中和,2026-02-23,2507,2414.22116737097
中和,2026-02-24,2537,2543.8077838240333
中和,2026-02-25,2701,2598.771687337969
中和,2026-02-26,2795,2684.412848437701
中和,2026-02-27,2189,1918.411460059698
中和,2026-02-28,2228,2477.1875625900284
中和,2026-03-01,1777,1901.2404435109231
中和,2026-03-02,2569,2509.0622957927644
中和,2026-03-03,2617,2608.8387033427457
中和,2026-03-04,2675,2680.5198701607624
中和,2026-03-05,2801,2711.8555145373225
中和,2026-03-06,2909,2832.352662194645
中和,2026-03-07,2376,2370.604476625942
中和,2026-03-08,1910,1932.975017877741
中和,2026-03-09,2621,2608.163768913304
中和,2026-03-10,2725,2675.905384145958
中和,2026-03-11,2751,2764.273186064544
中和,2026-03-12,2739,2798.5215977394487
中和,2026-03-13,2834,2837.0795009009
中和,2026-03-14,2481,2332.238869799373
中和,2026-03-15,1940,1971.1762629997777
中和,2026-03-16,2596,2641.7993587124533
中和,2026-03-17,2615,2681.986425133536
中和,2026-03-18,2686,2702.8175877194917
中和,2026-03-19,2670,2730.1119015709355
中和,2026-03-20,2775,2773.9847587886297
中和,2026-03-21,2494,2294.2744339316823
中和,2026-03-22,2016,1950.9810203795705
中和,2026-03-23,2600,2670.2211760789182
中和,2026-03-24,2661,2689.04282258263
中和,2026-03-25,2699,2732.387649866648
中和,2026-03-26,2664,2742.8808948763312
中和,2026-03-27,2925,2779.059584137915
中和,2026-03-28,2362,2402.1233262502365
中和,2026-03-29,1924,1922.2739294863943
中和,2026-03-30,2582,2596.2997245881693
中和,2026-03-31,2734,2649.627147665657
中和,2026-04-01,2631,2752.9091118198858
中和,2026-04-02,2723,2706.451354887106
中和,2026-04-03,2033,1951.7450888100225
中和,2026-04-04,1979,2390.0370163357165
中和,2026-04-05,1838,1712.0890482007333
中和,2026-04-06,1642,1595.3681254931046
中和,2026-04-07,2641,2567.329740387415
中和,2026-04-08,2681,2648.6476590109423
中和,2026-04-09,2729,2700.26719409418
中和,2026-04-10,2803,2827.6673450846693
中和,2026-04-11,2435,2283.87818922705
中和,2026-04-12,1930,1954.16477984061
中和,2026-04-13,2650,2611.1947259924264
中和,2026-04-14,2631,2710.5283237424587
中和,2026-04-15,2607,2703.7212362535656
中和,2026-04-16,2669,2683.98083562138
中和,2026-04-17,2833,2782.9108237177693
中和,2026-04-18,2363,2307.4913134779035
中和,2026-04-19,1886,1910.4924744930536
中和,2026-04-20,2601,2575.8532609622525
中和,2026-04-21,2619,2656.4829412465933
中和,2026-04-22,2666,2666.740994870929
中和,2026-04-23,2665,2703.894880779488
中和,2026-04-24,2948,2796.578078187593
中和,2026-04-25,2388,2378.4062027204272
中和,2026-04-26,1915,1947.7771194602635
中和,2026-04-27,2573,2610.9095068054203
中和,2026-04-28,2695,2650.399662640536
中和,2026-04-29,2691,2708.0551809831823
中和,2026-04-30,2911,2729.072964963548
中和,2026-05-01,2090,2094.1882031026544
中和,2026-05-02,2091,2443.762334232795
中和,2026-05-03,1702,1809.10273728901
中和,2026-05-04,2729,2435.062836882726
中和,2026-05-05,2914,2671.4436779531293
中和,2026-05-06,2848,2830.735896427804
中和,2026-05-07,2777,2889.432217323588
中和,2026-05-08,2818,2942.452738642396
中和,2026-05-09,2316,2315.1695673681315
中和,2026-05-10,1808,1883.8046294083067
中和,2026-05-11,2656,2567.3629342711474
中和,2026-05-12,2668,2701.2641086154285
中和,2026-05-13,2726,2699.165709276859
中和,2026-05-14,2766,2751.896966363766
中和,2026-05-15,2881,2870.808467977372
中和,2026-05-16,2353,2330.452234543074
中和,2026-05-17,1894,1899.8297135283708
中和,2026-05-18,2643,2632.633738572837
中和,2026-05-19,2694,2710.571769979065
中和,2026-05-20,2718,2723.205189226549
中和,2026-05-21,2647,2759.02091620758
中和,2026-05-22,2822,2810.566116853766
中和,2026-05-23,2359,2275.6987232973506
中和,2026-05-24,1962,1879.5183573901884
中和,2026-05-25,2553,2661.5867766881893
中和,2026-05-26,2664,2671.587142221185
中和,2026-05-27,2651,2690.7759626994325
中和,2026-05-28,2659,2695.0774573088406
中和,2026-05-29,2921,2798.3409192397103
中和,2026-05-30,2252,2334.449866479914
中和,2026-05-31,1879,1851.970143864408
中山,2026-01-01,47260,50964.38400060376
中山,2026-01-02,55810,55961.10669591986
中山,2026-01-03,55058,58380.25595494576
中山,2026-01-04,44591,47320.27525321522
中山,2026-01-05,44783,44149.36335940312
中山,2026-01-06,46000,49199.08582804781
中山,2026-01-07,47567,49437.52152272754
中山,2026-01-08,48912,50932.52907575679
中山,2026-01-09,57705,55570.79162765005
中山,2026-01-10,58568,58437.11715916503
中山,2026-01-11,49125,48208.59840006102
中山,2026-01-12,45294,46878.48716956042
中山,2026-01-13,46296,48017.95795931207
中山,2026-01-14,47770,48920.98016985346
中山,2026-01-15,48701,50220.92831953501
中山,2026-01-16,56737,56148.04390131623
中山,2026-01-17,57977,57830.42519206989
中山,2026-01-18,47533,48204.57501630788
中山,2026-01-19,46119,45438.18190240141
中山,2026-01-20,53623,48048.026892854985
中山,2026-01-21,47074,52801.784784840886
中山,2026-01-22,48579,48301.78704808
中山,2026-01-23,57372,56623.85700368881
中山,2026-01-24,61381,58226.96911136156
中山,2026-01-25,52192,50008.978427253634
中山,2026-01-26,48338,48030.086756624296
中山,2026-01-27,49929,50710.14315332269
中山,2026-01-28,50808,48415.07842750252
中山,2026-01-29,52739,51156.63650033719
中山,2026-01-30,59268,58819.63366583063
中山,2026-01-31,61499,60029.35041665226
中山,2026-02-01,48643,50635.125905239496
中山,2026-02-02,47676,46009.8289349136
中山,2026-02-03,51020,50664.13133865325
中山,2026-02-04,52570,49713.63270356984
中山,2026-02-05,53795,52630.98999656817
中山,2026-02-06,61029,59432.58393056432
中山,2026-02-07,63078,61588.6548130388
中山,2026-02-08,53148,50778.26769532722
中山,2026-02-09,50019,49161.36533592353
中山,2026-02-10,54522,51625.389835923765
中山,2026-02-11,55622,52693.45875075372
中山,2026-02-12,56986,54505.50961227996
中山,2026-02-13,61166,61614.79307294236
中山,2026-02-14,53448,61856.73206646662
中山,2026-02-15,40337,45704.66578389467
中山,2026-02-16,17540,21300.262598703717
中山,2026-02-17,29873,25778.077795320594
中山,2026-02-18,33042,31400.566879731454
中山,2026-02-19,41543,33309.72131591251
中山,2026-02-20,46733,63107.33707831349
中山,2026-02-21,50037,50819.63827811821
中山,2026-02-22,42225,43672.62255552971
中山,2026-02-23,42640,42915.12056058083
中山,2026-02-24,44888,50721.6037861833
中山,2026-02-25,47846,49233.63840726342
中山,2026-02-26,52457,54577.02230115685
中山,2026-02-27,59781,51743.85160881436
中山,2026-02-28,58112,59538.81292527004
中山,2026-03-01,46666,45964.8057429546
中山,2026-03-02,43061,44791.2379723217
中山,2026-03-03,44053,48679.86852111798
中山,2026-03-04,47331,48341.96949942902
中山,2026-03-05,49504,53877.42032614656
中山,2026-03-06,57778,54506.35837613133
中山,2026-03-07,64789,56821.92366034
中山,2026-03-08,52370,50717.81469994254
中山,2026-03-09,45413,46700.11485720866
中山,2026-03-10,46981,47853.16977465476
中山,2026-03-11,50841,49553.4096402247
中山,2026-03-12,51117,54135.04396339502
中山,2026-03-13,58786,56443.25808962475
中山,2026-03-14,66832,59946.22465208094
中山,2026-03-15,53306,52434.37724095923
中山,2026-03-16,46308,46543.76990641431
中山,2026-03-17,47995,47914.0870385949
中山,2026-03-18,51120,50475.12150996118
中山,2026-03-19,50953,53060.86722375986
中山,2026-03-20,60935,57198.66187522296
中山,2026-03-21,66780,63817.61735280941
中山,2026-03-22,54002,52452.256633159865
中山,2026-03-23,46504,46924.24038786763
中山,2026-03-24,47558,47934.99138524879
中山,2026-03-25,50465,50459.53858161344
中山,2026-03-26,50716,51932.496533152334
中山,2026-03-27,57192,58445.28689978855
中山,2026-03-28,60617,62728.66581516048
中山,2026-03-29,49376,49728.25766078662
中山,2026-03-30,45742,44663.921460575584
中山,2026-03-31,47432,47803.65560339004
中山,2026-04-01,48761,50402.59018554813
中山,2026-04-02,54135,50445.914904251054
中山,2026-04-03,55084,58160.84796595046
中山,2026-04-04,52714,61693.96794422017
中山,2026-04-05,51323,44920.70489274676
中山,2026-04-06,43993,44954.53205019459
中山,2026-04-07,43512,47508.05566492494
中山,2026-04-08,46217,47495.33630715255
中山,2026-04-09,48440,50612.38768672146
中山,2026-04-10,57983,56110.8317684781
中山,2026-04-11,65166,59699.49220800154
中山,2026-04-12,51896,54416.99745447876
中山,2026-04-13,44524,45690.9873198162
中山,2026-04-14,46111,45363.4072641167
中山,2026-04-15,47406,48775.5960494483
中山,2026-04-16,48475,50331.49541872627
中山,2026-04-17,56975,56602.91142528927
中山,2026-04-18,62610,60686.96615506148
中山,2026-04-19,50789,52320.16650385394
中山,2026-04-20,43686,44904.54969273325
中山,2026-04-21,45782,45072.424414114736
中山,2026-04-22,47375,48174.44458569045
中山,2026-04-23,46779,49647.188739657206
中山,2026-04-24,56058,55748.65250602813
中山,2026-04-25,61623,61159.98910345659
中山,2026-04-26,54309,51198.92259037178
中山,2026-04-27,45381,46723.920771189005
中山,2026-04-28,47031,45881.12461950684
中山,2026-04-29,48574,48512.78539269496
中山,2026-04-30,54338,49226.21556495906
中山,2026-05-01,61000,58071.094698465706
中山,2026-05-02,58481,64790.2097631213
中山,2026-05-03,48420,49548.73790997919
中山,2026-05-04,46068,43224.15461272322
中山,2026-05-05,46293,47356.750790718
中山,2026-05-06,49237,47831.4665523109
中山,2026-05-07,49890,51417.96301271472
中山,2026-05-08,56879,58502.635809861
中山,2026-05-09,59418,59396.75944671301
中山,2026-05-10,46876,50538.250053579904
中山,2026-05-11,44559,42925.97556395926
中山,2026-05-12,46563,46373.72908446646
中山,2026-05-13,46202,48612.89946494375
中山,2026-05-14,47662,49133.27147353557
中山,2026-05-15,61388,57093.89457180287
中山,2026-05-16,65923,62180.931858319695
中山,2026-05-17,54028,52599.75734774795
中山,2026-05-18,44744,47196.04997106346
中山,2026-05-19,45967,45732.49580384424
中山,2026-05-20,48672,47623.89859299014
中山,2026-05-21,48283,50143.04609920407
中山,2026-05-22,57517,58531.597424110914
中山,2026-05-23,66533,61077.46472755889
中山,2026-05-24,53330,53863.343765769016
中山,2026-05-25,45319,45797.45363851796
中山,2026-05-26,47322,46301.59483461229
中山,2026-05-27,48781,48629.03838519032
中山,2026-05-28,49219,49389.63398532263
中山,2026-05-29,55307,58901.78563497469
中山,2026-05-30,63307,61539.84731637211
中山,2026-05-31,52108,52080.0750367632
中山國中,2026-01-01,7173,7808.525229729778
中山國中,2026-01-02,13610,14800.269045636314
中山國中,2026-01-03,8838,9099.184219470528
中山國中,2026-01-04,7400,7261.520687776842
中山國中,2026-01-05,14052,13638.590109291858
中山國中,2026-01-06,14420,14434.444360988557
中山國中,2026-01-07,14416,14528.144112794163
中山國中,2026-01-08,14611,14414.760188662418
中山國中,2026-01-09,15002,14820.942649444112
中山國中,2026-01-10,9821,9577.77938187839
中山國中,2026-01-11,7924,7727.029827946103
中山國中,2026-01-12,13784,13948.164490235244
中山國中,2026-01-13,14510,14379.288410906223
中山國中,2026-01-14,14655,14528.100343409777
中山國中,2026-01-15,14636,14553.388575692868
中山國中,2026-01-16,14801,14928.750765665884
中山國中,2026-01-17,9554,9554.08629282083
中山國中,2026-01-18,8002,7635.575143660469
中山國中,2026-01-19,13810,13912.394000061036
中山國中,2026-01-20,14560,14402.035021728048
中山國中,2026-01-21,14268,14565.692258101348
中山國中,2026-01-22,14573,14425.831643232506
中山國中,2026-01-23,15179,14859.341180647289
中山國中,2026-01-24,9499,9660.726548070394
中山國中,2026-01-25,8107,7671.583726390821
中山國中,2026-01-26,13848,13946.25784584374
中山國中,2026-01-27,14497,14433.534181385729
中山國中,2026-01-28,14345,14511.39128122701
中山國中,2026-01-29,14489,14459.364001591362
中山國中,2026-01-30,14985,14875.500357784193
中山國中,2026-01-31,9561,9571.312867119246
中山國中,2026-02-01,7339,7703.747011882272
中山國中,2026-02-02,13790,13679.735871335455
中山國中,2026-02-03,14525,14353.53380961865
中山國中,2026-02-04,14538,14500.48526675779
中山國中,2026-02-05,14910,14519.113343851905
中山國中,2026-02-06,15167,15029.80686245318
中山國中,2026-02-07,9552,9676.0544452131
中山國中,2026-02-08,7668,7661.07171401428
中山國中,2026-02-09,14124,13813.429519259867
中山國中,2026-02-10,15140,14508.423100904069
中山國中,2026-02-11,15416,14755.529887414115
中山國中,2026-02-12,14451,14913.076437357917
中山國中,2026-02-13,13925,14960.144100118054
中山國中,2026-02-14,7790,9221.459584185894
中山國中,2026-02-15,6138,6976.8167274530015
中山國中,2026-02-16,4102,3902.7308604935697
中山國中,2026-02-17,5232,4894.82608130989
中山國中,2026-02-18,5415,5251.134451852753
中山國中,2026-02-19,6261,5262.0233862196765
中山國中,2026-02-20,6717,8224.87519090846
中山國中,2026-02-21,7287,9040.563721180915
中山國中,2026-02-22,6644,6708.643829891308
中山國中,2026-02-23,13537,13298.286847930276
中山國中,2026-02-24,14162,14246.201422702245
中山國中,2026-02-25,14886,14400.854418127354
中山國中,2026-02-26,14949,14699.667260553791
中山國中,2026-02-27,8694,7934.088330217713
中山國中,2026-02-28,8529,9563.342164589758
中山國中,2026-03-01,6821,7311.27718779529
中山國中,2026-03-02,14117,13500.06679362458
中山國中,2026-03-03,14367,14459.001754947063
中山國中,2026-03-04,14926,14565.926832112842
中山國中,2026-03-05,14773,14718.454196103216
中山國中,2026-03-06,15290,14953.419798093964
中山國中,2026-03-07,9891,9426.96560272958
中山國中,2026-03-08,7634,7704.573086676976
中山國中,2026-03-09,14234,13929.154327452334
中山國中,2026-03-10,14875,14576.747097745696
中山國中,2026-03-11,15197,14780.664137034357
中山國中,2026-03-12,15290,14846.79711729672
中山國中,2026-03-13,15264,15162.97547579943
中山國中,2026-03-14,10340,9570.70335072284
中山國中,2026-03-15,8424,7884.152242273148
中山國中,2026-03-16,14013,14236.2663412212
中山國中,2026-03-17,14633,14606.000598477736
中山國中,2026-03-18,15024,14720.72879902852
中山國中,2026-03-19,15003,14811.904341552823
中山國中,2026-03-20,15486,15039.136614868195
中山國中,2026-03-21,10551,9681.921280385632
中山國中,2026-03-22,8500,8029.523436187787
中山國中,2026-03-23,13919,14240.26457092896
中山國中,2026-03-24,14467,14571.955763551698
中山國中,2026-03-25,14986,14668.958709026976
中山國中,2026-03-26,14810,14782.782574611998
中山國中,2026-03-27,15054,15008.131186441116
中山國中,2026-03-28,10244,9569.925815732098
中山國中,2026-03-29,7887,7910.597329821533
中山國中,2026-03-30,14042,13975.092219404183
中山國中,2026-03-31,14606,14546.758785328107
中山國中,2026-04-01,14321,14730.860697564654
中山國中,2026-04-02,14689,14557.240676041089
中山國中,2026-04-03,8086,7988.7030279630735
中山國中,2026-04-04,7259,9555.665025189885
中山國中,2026-04-05,6843,6852.500089788186
中山國中,2026-04-06,6491,6499.656897098915
中山國中,2026-04-07,14155,14207.757363341816
中山國中,2026-04-08,14859,14437.98329273118
中山國中,2026-04-09,14679,14701.237566275757
中山國中,2026-04-10,15097,14932.902459951483
中山國中,2026-04-11,10410,9316.647917095464
中山國中,2026-04-12,8053,7938.6290974952835
中山國中,2026-04-13,13876,14065.08390132722
中山國中,2026-04-14,14293,14508.65158187443
中山國中,2026-04-15,14385,14618.476966845172
中山國中,2026-04-16,14620,14555.968947074003
中山國中,2026-04-17,14792,14894.479027574256
中山國中,2026-04-18,9508,9429.737242596704
中山國中,2026-04-19,7687,7616.574200229229
中山國中,2026-04-20,13629,13845.302872654707
中山國中,2026-04-21,14206,14359.078709009282
中山國中,2026-04-22,14364,14515.069930141384
中山國中,2026-04-23,14600,14543.149694430846
中山國中,2026-04-24,15232,14863.73568626922
中山國中,2026-04-25,9637,9537.468198146576
中山國中,2026-04-26,8418,7695.557245114086
中山國中,2026-04-27,13817,14099.452052991155
中山國中,2026-04-28,14636,14478.070974355547
中山國中,2026-04-29,14641,14684.67155639144
中山國中,2026-04-30,15574,14679.916237698648
中山國中,2026-05-01,8921,8359.21300820449
中山國中,2026-05-02,8955,9828.075112908984
中山國中,2026-05-03,7053,7598.714653275393
中山國中,2026-05-04,14325,13575.99803380756
中山國中,2026-05-05,14791,14563.937025318864
中山國中,2026-05-06,14951,14754.916128602212
中山國中,2026-05-07,14694,14892.296277584828
中山國中,2026-05-08,14886,15037.570418236604
中山國中,2026-05-09,9644,9345.292073672372
中山國中,2026-05-10,7172,7654.2048774942095
中山國中,2026-05-11,13723,13744.119294720882
中山國中,2026-05-12,14216,14391.00844911385
中山國中,2026-05-13,14650,14539.10358252462
中山國中,2026-05-14,14432,14669.73708730942
中山國中,2026-05-15,15040,14867.62613664306
中山國中,2026-05-16,9770,9445.216860342298
中山國中,2026-05-17,8012,7677.335764199222
中山國中,2026-05-18,13743,14003.461763038762
中山國中,2026-05-19,14180,14434.294485837849
中山國中,2026-05-20,14330,14545.25123205382
中山國中,2026-05-21,14363,14543.473133308082
中山國中,2026-05-22,14599,14843.89129170218
中山國中,2026-05-23,9770,9305.298034469204
中山國中,2026-05-24,7778,7702.16694071883
中山國中,2026-05-25,13911,13886.7776520769
中山國中,2026-05-26,14217,14453.346077076149
中山國中,2026-05-27,14419,14537.51855504924
中山國中,2026-05-28,14193,14571.965046558384
中山國中,2026-05-29,14742,14759.395870454027
中山國中,2026-05-30,9311,9375.02430489272
中山國中,2026-05-31,7563,7546.136582359289
中山國小,2026-01-01,12143,12512.65881012494
中山國小,2026-01-02,19318,20136.13767860861
中山國小,2026-01-03,13708,14536.62413253966
中山國小,2026-01-04,10945,11498.531691481418
中山國小,2026-01-05,17950,17497.571509260208
中山國小,2026-01-06,18238,18609.004162351262
中山國小,2026-01-07,18400,18659.37585872029
中山國小,2026-01-08,18662,18658.42795411197
中山國小,2026-01-09,19390,19534.259374743757
中山國小,2026-01-10,14627,14334.48049808935
中山國小,2026-01-11,11927,11744.442064904382
中山國小,2026-01-12,17805,17974.871537798044
中山國小,2026-01-13,18202,18553.70403099729
中山國小,2026-01-14,18329,18591.160447369868
中山國小,2026-01-15,18345,18654.68146706864
中山國小,2026-01-16,18956,19434.09820811697
中山國小,2026-01-17,14465,14230.13988763979
中山國小,2026-01-18,11487,11685.91961995083
中山國小,2026-01-19,17544,17718.300594799515
中山國小,2026-01-20,18319,18358.690137971687
中山國小,2026-01-21,18362,18560.72996404829
中山國小,2026-01-22,18396,18620.020849647863
中山國小,2026-01-23,19351,19395.309215825884
中山國小,2026-01-24,14391,14407.271883505791
中山國小,2026-01-25,11505,11665.356327131623
中山國小,2026-01-26,17217,17711.65612734034
中山國小,2026-01-27,17264,18255.2416621672
中山國小,2026-01-28,17664,18115.610521651917
中山國小,2026-01-29,17810,18214.40208153146
中山國小,2026-01-30,18186,19081.97643738037
中山國小,2026-01-31,14551,13853.840500211682
中山國小,2026-02-01,11654,11552.835374698832
中山國小,2026-02-02,17068,17673.29222018929
中山國小,2026-02-03,17732,18059.59135436799
中山國小,2026-02-04,18717,18220.58227063764
中山國小,2026-02-05,18185,18609.636024230596
中山國小,2026-02-06,19493,19221.569614658645
中山國小,2026-02-07,15042,14531.05263305195
中山國小,2026-02-08,12385,11931.809320555014
中山國小,2026-02-09,17394,17989.357507349338
中山國小,2026-02-10,18189,18302.29523438675
中山國小,2026-02-11,17735,18564.620361826608
中山國小,2026-02-12,17873,18272.57477557073
中山國小,2026-02-13,17683,19110.63655271847
中山國小,2026-02-14,11941,13828.87831980182
中山國小,2026-02-15,8774,10613.65791107255
中山國小,2026-02-16,6490,5602.808873279331
中山國小,2026-02-17,7301,7090.352446005554
中山國小,2026-02-18,7739,7529.758752451924
中山國小,2026-02-19,9310,7791.362236483061
中山國小,2026-02-20,9668,12565.138349727014
中山國小,2026-02-21,11038,13399.916757173523
中山國小,2026-02-22,10075,9935.163327211229
中山國小,2026-02-23,17013,16722.5639343279
中山國小,2026-02-24,17625,17794.544900996054
中山國小,2026-02-25,18880,18113.50921336945
中山國小,2026-02-26,18876,18813.087997504368
中山國小,2026-02-27,13940,11886.929155168164
中山國小,2026-02-28,13404,14654.64151927337
中山國小,2026-03-01,11199,11396.428279391312
中山國小,2026-03-02,17769,17534.96001456702
中山國小,2026-03-03,18243,18282.782623954008
中山國小,2026-03-04,18969,18609.31622427425
中山國小,2026-03-05,19052,18884.148597694068
中山國小,2026-03-06,20086,19589.03492618442
中山國小,2026-03-07,15173,14282.38984438339
中山國小,2026-03-08,12603,11931.90466122063
中山國小,2026-03-09,18313,18244.883281353053
中山國小,2026-03-10,19266,18695.76730689985
中山國小,2026-03-11,19456,19124.11415926841
中山國小,2026-03-12,19260,19232.58850900955
中山國小,2026-03-13,20250,19733.76191878419
中山國小,2026-03-14,15993,14615.344789442872
中山國小,2026-03-15,13121,12387.163535790807
中山國小,2026-03-16,18570,18535.686031460187
中山國小,2026-03-17,19171,18969.836254063383
中山國小,2026-03-18,19776,19169.646038319643
中山國小,2026-03-19,19349,19351.929720328677
中山國小,2026-03-20,21010,19846.827030806468
中山國小,2026-03-21,16408,15085.497345909997
中山國小,2026-03-22,13374,12707.254004392737
中山國小,2026-03-23,18601,18703.852673206315
中山國小,2026-03-24,19286,19028.919927195424
中山國小,2026-03-25,19780,19302.59398068348
中山國小,2026-03-26,19617,19368.854513593717
中山國小,2026-03-27,20653,20098.231250378027
中山國小,2026-03-28,14776,15101.612072555916
中山國小,2026-03-29,12284,12121.303420280576
中山國小,2026-03-30,18477,18086.54462066412
中山國小,2026-03-31,18768,18829.951051381144
中山國小,2026-04-01,18810,19077.942841939443
中山國小,2026-04-02,19423,18965.703040799606
中山國小,2026-04-03,12390,12805.636905263436
中山國小,2026-04-04,11724,14473.786964070372
中山國小,2026-04-05,11086,10812.789888568474
中山國小,2026-04-06,9866,10216.175560918491
中山國小,2026-04-07,18407,17992.44710446891
中山國小,2026-04-08,18842,18630.385375567083
中山國小,2026-04-09,18665,18921.506190460077
中山國小,2026-04-10,20335,19494.78757237937
中山國小,2026-04-11,16767,14289.4061254193
中山國小,2026-04-12,13743,12799.190921505524
中山國小,2026-04-13,17741,18820.709052553528
中山國小,2026-04-14,18509,18815.19329569404
中山國小,2026-04-15,18638,18938.991347722946
中山國小,2026-04-16,18417,18856.04874249983
中山國小,2026-04-17,19558,19552.276609362136
中山國小,2026-04-18,14453,14510.533242971303
中山國小,2026-04-19,11786,11964.296727493243
中山國小,2026-04-20,17819,17655.393615751094
中山國小,2026-04-21,18361,18471.34558829679
中山國小,2026-04-22,18630,18745.108709583877
中山國小,2026-04-23,18673,18758.558812037903
中山國小,2026-04-24,20378,19588.70492327588
中山國小,2026-04-25,14720,14700.38432584246
中山國小,2026-04-26,12660,12079.436708172252
中山國小,2026-04-27,18000,18131.36793861941
中山國小,2026-04-28,18548,18653.252022784516
中山國小,2026-04-29,18926,18868.568503906605
中山國小,2026-04-30,19912,18919.86691878752
中山國小,2026-05-01,13314,13110.503925060351
中山國小,2026-05-02,13818,14863.20904631885
中山國小,2026-05-03,11940,11885.558727726202
中山國小,2026-05-04,18849,17750.44141176481
中山國小,2026-05-05,19501,18857.59250591023
中山國小,2026-05-06,19172,19305.71621159661
中山國小,2026-05-07,18895,19295.226822934168
中山國小,2026-05-08,19660,19881.89693915219
中山國小,2026-05-09,14372,14323.842203824885
中山國小,2026-05-10,10947,11956.036278456788
中山國小,2026-05-11,17887,17581.58092946511
中山國小,2026-05-12,18273,18499.78688281898
中山國小,2026-05-13,18680,18684.738722614107
中山國小,2026-05-14,18322,18814.863941253137
中山國小,2026-05-15,19577,19510.76016993402
中山國小,2026-05-16,15082,14265.430913781009
中山國小,2026-05-17,12416,12025.069208644782
中山國小,2026-05-18,17797,18183.305823816947
中山國小,2026-05-19,18128,18577.781624101157
中山國小,2026-05-20,18748,18681.66290348538
中山國小,2026-05-21,18681,18781.51276245005
中山國小,2026-05-22,19846,19674.10269266733
中山國小,2026-05-23,15110,14534.353625684282
中山國小,2026-05-24,12347,12196.163173885903
中山國小,2026-05-25,17624,18091.87373039401
中山國小,2026-05-26,18577,18451.846868508823
中山國小,2026-05-27,18311,18840.8325311081
中山國小,2026-05-28,18443,18676.354527879208
中山國小,2026-05-29,19699,19572.509074726226
中山國小,2026-05-30,14426,14482.59184624713
中山國小,2026-05-31,11669,11916.599548994487
中正紀念堂,2026-01-01,18607,20527.912057321628
中正紀念堂,2026-01-02,31353,32003.524177836647
中正紀念堂,2026-01-03,22814,23916.900060454114
中正紀念堂,2026-01-04,19389,20440.03394092345
中正紀念堂,2026-01-05,26656,26738.833143148364
中正紀念堂,2026-01-06,29138,29629.6603879158
中正紀念堂,2026-01-07,29299,29606.12420474913
中正紀念堂,2026-01-08,29381,29640.91189598592
中正紀念堂,2026-01-09,31766,31858.739747587177
中正紀念堂,2026-01-10,22850,23791.429901605363
中正紀念堂,2026-01-11,19176,20306.57941276701
中正紀念堂,2026-01-12,26227,26775.760971737785
中正紀念堂,2026-01-13,30043,29492.86366587655
中正紀念堂,2026-01-14,29440,29569.662704526025
中正紀念堂,2026-01-15,29993,29667.18131269219
中正紀念堂,2026-01-16,32446,32033.06564356464
中正紀念堂,2026-01-17,23401,23893.95266614501
中正紀念堂,2026-01-18,19601,20400.24370743088
中正紀念堂,2026-01-19,26174,26969.79866597418
中正紀念堂,2026-01-20,29225,29737.20148943997
中正紀念堂,2026-01-21,28674,29478.32644477912
中正紀念堂,2026-01-22,28026,29504.54215379905
中正紀念堂,2026-01-23,31356,31536.06206121109
中正紀念堂,2026-01-24,22259,23195.256354868827
中正紀念堂,2026-01-25,20161,19613.377358396152
中正紀念堂,2026-01-26,25836,26544.41658793657
中正紀念堂,2026-01-27,29276,29414.58838350652
中正紀念堂,2026-01-28,28794,29193.72233290717
中正紀念堂,2026-01-29,30297,29206.62527634478
中正紀念堂,2026-01-30,30971,31963.217253916777
中正紀念堂,2026-01-31,23690,23237.931239256213
中正紀念堂,2026-02-01,19446,20119.915898788386
中正紀念堂,2026-02-02,25059,26540.60640678199
中正紀念堂,2026-02-03,30518,29293.232578397598
中正紀念堂,2026-02-04,30791,29323.30127795196
中正紀念堂,2026-02-05,31465,29909.296293173404
中正紀念堂,2026-02-06,32157,32421.473531400752
中正紀念堂,2026-02-07,24025,23940.75139136114
中正紀念堂,2026-02-08,20623,20523.64146100035
中正紀念堂,2026-02-09,25626,26862.010425808927
中正紀念堂,2026-02-10,32242,29975.31187611492
中正紀念堂,2026-02-11,30824,30235.07796634903
中正紀念堂,2026-02-12,32323,30636.5674360827
中正紀念堂,2026-02-13,31060,32829.89798617845
中正紀念堂,2026-02-14,22290,24036.04447061376
中正紀念堂,2026-02-15,20410,20189.746444780816
中正紀念堂,2026-02-16,12812,10392.622709690051
中正紀念堂,2026-02-17,11782,14907.490418909434
中正紀念堂,2026-02-18,15277,13753.73315021206
中正紀念堂,2026-02-19,16758,14649.555997315914
中正紀念堂,2026-02-20,16467,22530.420989897077
中正紀念堂,2026-02-21,18014,22671.379177984654
中正紀念堂,2026-02-22,16589,18599.48216743247
中正紀念堂,2026-02-23,26073,24843.23481718522
中正紀念堂,2026-02-24,29563,28654.001917915968
中正紀念堂,2026-02-25,29931,29219.551097822983
中正紀念堂,2026-02-26,34069,30223.17829612837
中正紀念堂,2026-02-27,25674,21313.982254576244
中正紀念堂,2026-02-28,30219,23746.609739263356
中正紀念堂,2026-03-01,22002,22126.292053679936
中正紀念堂,2026-03-02,28954,28746.11813696114
中正紀念堂,2026-03-03,29146,31681.90341299953
中正紀念堂,2026-03-04,30372,31193.45930642851
中正紀念堂,2026-03-05,31820,32153.2025979681
中正紀念堂,2026-03-06,34097,32070.203515106437
中正紀念堂,2026-03-07,27078,24538.396560483503
中正紀念堂,2026-03-08,23325,21303.69244568736
中正紀念堂,2026-03-09,28857,28613.69285422188
中正紀念堂,2026-03-10,30558,31161.365863374293
中正紀念堂,2026-03-11,33007,31292.4927157114
中正紀念堂,2026-03-12,32087,32907.70740902813
中正紀念堂,2026-03-13,33721,33023.90006452812
中正紀念堂,2026-03-14,26987,25364.079580199425
中正紀念堂,2026-03-15,22134,21761.50727165964
中正紀念堂,2026-03-16,29292,28489.13135117153
中正紀念堂,2026-03-17,31976,30984.09864875852
中正紀念堂,2026-03-18,31272,31838.95688950417
中正紀念堂,2026-03-19,31910,32582.430754392644
中正紀念堂,2026-03-20,34318,33027.48515353823
中正紀念堂,2026-03-21,26515,25710.763539385443
中正紀念堂,2026-03-22,25226,21790.28736713608
中正紀念堂,2026-03-23,28077,29237.73718233116
中正紀念堂,2026-03-24,31234,31259.965198291527
中正紀念堂,2026-03-25,31340,31720.89681353694
中正紀念堂,2026-03-26,31297,32421.310384028773
中正紀念堂,2026-03-27,31282,33093.853376624706
中正紀念堂,2026-03-28,22814,25122.190428570717
中正紀念堂,2026-03-29,22531,21052.194113777277
中正紀念堂,2026-03-30,29336,27662.47042606011
中正紀念堂,2026-03-31,30186,30645.48643352309
中正紀念堂,2026-04-01,29901,31007.02311926596
中正紀念堂,2026-04-02,30578,31504.780803560097
中正紀念堂,2026-04-03,18527,22322.812574848933
中正紀念堂,2026-04-04,17328,23759.9525168388
中正紀念堂,2026-04-05,17033,19533.48697548788
中正紀念堂,2026-04-06,13294,15619.31499679986
中正紀念堂,2026-04-07,28017,27710.53811465544
中正紀念堂,2026-04-08,29318,28511.26834578956
中正紀念堂,2026-04-09,30228,29714.64677792703
中正紀念堂,2026-04-10,32400,30457.57986506168
中正紀念堂,2026-04-11,23652,22825.25691494913
中正紀念堂,2026-04-12,20026,20636.528431599487
中正紀念堂,2026-04-13,27001,26785.139747189576
中正紀念堂,2026-04-14,29242,29594.38468752973
中正紀念堂,2026-04-15,30059,30064.280099281244
中正紀念堂,2026-04-16,29970,30869.02026582845
中正紀念堂,2026-04-17,31454,31315.14814658626
中正紀念堂,2026-04-18,24122,23000.411009488183
中正紀念堂,2026-04-19,20655,20711.93554076161
中正紀念堂,2026-04-20,27970,27046.266463679043
中正紀念堂,2026-04-21,29872,29944.095158238568
中正紀念堂,2026-04-22,30107,30477.72497983944
中正紀念堂,2026-04-23,30284,31004.219372250605
中正紀念堂,2026-04-24,31232,31629.04151826354
中正紀念堂,2026-04-25,23019,23309.40305423908
中正紀念堂,2026-04-26,21551,20517.32687904226
中正紀念堂,2026-04-27,27786,27283.42747319379
中正紀念堂,2026-04-28,30171,29937.04342031229
中正紀念堂,2026-04-29,30060,30492.10351360389
中正紀念堂,2026-04-30,32379,30903.444523822112
中正紀念堂,2026-05-01,21332,22147.559218403607
中正紀念堂,2026-05-02,22813,23599.74882858505
中正紀念堂,2026-05-03,24274,20832.5895779599
中正紀念堂,2026-05-04,28730,28075.35665514972
中正紀念堂,2026-05-05,29825,30619.879842522387
中正紀念堂,2026-05-06,31403,30756.01359560725
中正紀念堂,2026-05-07,30384,31628.93105306908
中正紀念堂,2026-05-08,31963,31803.604089809294
中正紀念堂,2026-05-09,21840,23559.21197803074
中正紀念堂,2026-05-10,26637,21252.097900780645
中正紀念堂,2026-05-11,28003,28605.597253425727
中正紀念堂,2026-05-12,29787,30609.992001409257
中正紀念堂,2026-05-13,28614,30909.091156099617
中正紀念堂,2026-05-14,29129,30908.36015810649
中正紀念堂,2026-05-15,33103,31172.568449039296
中正紀念堂,2026-05-16,23522,23105.312476813466
中正紀念堂,2026-05-17,20853,22452.870766534063
中正紀念堂,2026-05-18,27537,27442.4404254938
中正紀念堂,2026-05-19,29474,29659.233197665555
中正紀念堂,2026-05-20,30026,29981.888888217734
中正紀念堂,2026-05-21,30136,30523.8182753276
中正紀念堂,2026-05-22,34287,31655.66733819653
中正紀念堂,2026-05-23,28407,23494.031748791214
中正紀念堂,2026-05-24,22227,23635.5845889673
中正紀念堂,2026-05-25,27433,28571.90065230246
中正紀念堂,2026-05-26,29889,30314.467677467637
中正紀念堂,2026-05-27,29617,30471.405356789663
中正紀念堂,2026-05-28,30579,30678.123313521795
中正紀念堂,2026-05-29,32035,32386.741278606118
中正紀念堂,2026-05-30,24268,23964.69029653205
中正紀念堂,2026-05-31,18504,22265.61583159453
丹鳳,2026-01-01,5338,5951.677230779042
丹鳳,2026-01-02,9712,10042.410786861445
丹鳳,2026-01-03,6806,7218.042001417831
丹鳳,2026-01-04,5792,5715.51590869414
丹鳳,2026-01-05,9695,9400.517082099055
丹鳳,2026-01-06,9932,9914.81614070497
丹鳳,2026-01-07,9940,9859.842937631283
丹鳳,2026-01-08,9928,9801.941643849608
丹鳳,2026-01-09,10609,10396.492799594682
丹鳳,2026-01-10,7798,7602.60438189565
丹鳳,2026-01-11,6083,6166.718429487331
丹鳳,2026-01-12,9603,9527.705582693408
丹鳳,2026-01-13,10009,9865.44639251031
丹鳳,2026-01-14,10053,9929.27006577367
丹鳳,2026-01-15,10128,9906.772700679809
丹鳳,2026-01-16,10666,10529.09680257129
丹鳳,2026-01-17,7979,7677.781105060214
丹鳳,2026-01-18,6344,6232.863485856738
丹鳳,2026-01-19,9652,9630.035320168718
丹鳳,2026-01-20,10041,9901.66235079836
丹鳳,2026-01-21,9825,9953.739388799657
丹鳳,2026-01-22,9664,9825.55819117705
丹鳳,2026-01-23,10569,10327.121818082976
丹鳳,2026-01-24,8013,7655.066669112164
丹鳳,2026-01-25,6617,6264.227976551048
丹鳳,2026-01-26,9409,9746.162467018812
丹鳳,2026-01-27,9597,9802.008998193009
丹鳳,2026-01-28,9642,9735.801517041396
丹鳳,2026-01-29,9976,9711.442594858916
丹鳳,2026-01-30,10313,10479.758645308157
丹鳳,2026-01-31,7779,7562.824163017613
丹鳳,2026-02-01,5861,6191.56801844051
丹鳳,2026-02-02,9185,9375.047131383728
丹鳳,2026-02-03,9875,9668.650559773829
丹鳳,2026-02-04,9847,9854.267491297447
丹鳳,2026-02-05,10057,9840.359608826397
丹鳳,2026-02-06,10456,10482.415574634431
丹鳳,2026-02-07,7815,7625.236325684446
丹鳳,2026-02-08,6382,6149.756768114239
丹鳳,2026-02-09,9184,9604.712904545682
丹鳳,2026-02-10,9876,9705.088513837702
丹鳳,2026-02-11,9645,9860.404648886408
丹鳳,2026-02-12,9752,9758.90310802532
丹鳳,2026-02-13,9676,10354.12292502025
丹鳳,2026-02-14,6437,7286.381402689996
丹鳳,2026-02-15,4907,5585.307095507158
丹鳳,2026-02-16,3419,3988.534001893846
丹鳳,2026-02-17,4805,4407.548362857726
丹鳳,2026-02-18,5130,4842.097487646237
丹鳳,2026-02-19,5577,4994.653512980694
丹鳳,2026-02-20,6036,6892.978614130843
丹鳳,2026-02-21,6834,7222.48258044137
丹鳳,2026-02-22,5845,5673.827765503827
丹鳳,2026-02-23,9535,9298.915686737138
丹鳳,2026-02-24,10135,9893.951208622868
丹鳳,2026-02-25,10198,9998.103127165234
丹鳳,2026-02-26,10830,10049.362357670718
丹鳳,2026-02-27,7588,6986.153192321315
丹鳳,2026-02-28,7912,7916.385999374801
丹鳳,2026-03-01,6199,6214.659049645767
丹鳳,2026-03-02,9928,9522.71473311579
丹鳳,2026-03-03,9940,10068.193348192584
丹鳳,2026-03-04,9912,9918.597722528566
丹鳳,2026-03-05,10221,9970.002170697491
丹鳳,2026-03-06,10778,10563.446906004288
丹鳳,2026-03-07,8479,7706.796427177449
丹鳳,2026-03-08,6580,6451.582007962597
丹鳳,2026-03-09,9786,9723.947954270468
丹鳳,2026-03-10,10040,9976.800845376269
丹鳳,2026-03-11,10239,9947.315810427624
丹鳳,2026-03-12,10374,10089.118612161968
丹鳳,2026-03-13,10868,10621.24944000617
丹鳳,2026-03-14,8080,7832.327455440421
丹鳳,2026-03-15,6548,6291.053172322219
丹鳳,2026-03-16,9770,9688.26458169652
丹鳳,2026-03-17,10067,9983.290138257074
丹鳳,2026-03-18,10213,9989.888384022048
丹鳳,2026-03-19,10268,10088.92919718742
丹鳳,2026-03-20,10848,10585.161857712315
丹鳳,2026-03-21,8204,7801.075393906869
丹鳳,2026-03-22,6995,6364.944078473958
丹鳳,2026-03-23,9683,9888.1025438607
丹鳳,2026-03-24,10141,9952.663709803955
丹鳳,2026-03-25,10181,10027.524038453492
丹鳳,2026-03-26,10233,10075.096564333107
丹鳳,2026-03-27,10543,10581.193786759308
丹鳳,2026-03-28,7853,7691.227919143388
丹鳳,2026-03-29,6209,6260.345421503065
丹鳳,2026-03-30,9745,9513.724873626545
丹鳳,2026-03-31,10080,9990.937773005127
丹鳳,2026-04-01,9895,10002.09233487884
丹鳳,2026-04-02,10496,9953.535804469837
丹鳳,2026-04-03,6605,6949.2863074591405
丹鳳,2026-04-04,5894,7589.141325879274
丹鳳,2026-04-05,6237,5352.716234975285
丹鳳,2026-04-06,5112,5830.177205280406
丹鳳,2026-04-07,9708,9589.213214617552
丹鳳,2026-04-08,9995,9812.248886485591
丹鳳,2026-04-09,10328,10043.121187341576
丹鳳,2026-04-10,10626,10564.279341253909
丹鳳,2026-04-11,8091,7524.359521999468
丹鳳,2026-04-12,6421,6414.143715217442
丹鳳,2026-04-13,9608,9554.416519563523
丹鳳,2026-04-14,10011,9935.344025220087
丹鳳,2026-04-15,9823,9974.523454894035
丹鳳,2026-04-16,10087,9964.64159306813
丹鳳,2026-04-17,10484,10486.137175635768
丹鳳,2026-04-18,7769,7627.98806308482
丹鳳,2026-04-19,6339,6217.010049852872
丹鳳,2026-04-20,9728,9567.05413412263
丹鳳,2026-04-21,10118,9987.809849293124
丹鳳,2026-04-22,10017,9994.65219762289
丹鳳,2026-04-23,10006,10043.010265831868
丹鳳,2026-04-24,10295,10448.893146406004
丹鳳,2026-04-25,7457,7531.525761159179
丹鳳,2026-04-26,6820,6087.869101480712
丹鳳,2026-04-27,9664,9793.853575713536
丹鳳,2026-04-28,10081,9970.57775214252
丹鳳,2026-04-29,10116,9989.31739455644
丹鳳,2026-04-30,10444,10073.151049200684
丹鳳,2026-05-01,7222,6900.921315064337
丹鳳,2026-05-02,7152,7800.559555209962
丹鳳,2026-05-03,6023,6027.68059721546
丹鳳,2026-05-04,9711,9418.386033942752
丹鳳,2026-05-05,10092,9990.776439640247
丹鳳,2026-05-06,10193,10007.154483874789
丹鳳,2026-05-07,10234,10148.56721993787
丹鳳,2026-05-08,10566,10577.47449667339
丹鳳,2026-05-09,7560,7566.879657824116
丹鳳,2026-05-10,6141,6157.748769291491
丹鳳,2026-05-11,9699,9511.005686782632
丹鳳,2026-05-12,9961,9989.374312594908
丹鳳,2026-05-13,9890,9961.50816234131
丹鳳,2026-05-14,9897,10000.803342393738
丹鳳,2026-05-15,10825,10407.272155625844
丹鳳,2026-05-16,8146,7719.518591118289
丹鳳,2026-05-17,6703,6411.416601401013
丹鳳,2026-05-18,9668,9762.757257609444
丹鳳,2026-05-19,9908,9968.41806433561
丹鳳,2026-05-20,10253,9918.128053668328
丹鳳,2026-05-21,10128,10141.739635291471
丹鳳,2026-05-22,10420,10554.623802565487
丹鳳,2026-05-23,8328,7591.978959657687
丹鳳,2026-05-24,6323,6521.652492521989
丹鳳,2026-05-25,9636,9573.403307664908
丹鳳,2026-05-26,10016,9947.421357646504
丹鳳,2026-05-27,10024,10005.025376485784
丹鳳,2026-05-28,10122,10046.269176866675
丹鳳,2026-05-29,10234,10510.03516369742
丹鳳,2026-05-30,7829,7562.6989119238515
丹鳳,2026-05-31,6103,6261.981023877506
亞東醫院,2026-01-01,12044,15181.19593718655
亞東醫院,2026-01-02,25632,28368.00857456249
亞東醫院,2026-01-03,16813,18008.891866085352
亞東醫院,2026-01-04,13056,13294.95997289815
亞東醫院,2026-01-05,28021,26880.319275676826
亞東醫院,2026-01-06,28754,28377.466955255142
亞東醫院,2026-01-07,28543,28643.79369204138
亞東醫院,2026-01-08,28334,27824.29291757612
亞東醫院,2026-01-09,29509,28562.29025231533
亞東醫院,2026-01-10,19188,19018.796663825717
亞東醫院,2026-01-11,14219,14428.863526527906
亞東醫院,2026-01-12,26746,27958.94601920409
亞東醫院,2026-01-13,28016,28621.173114468394
亞東醫院,2026-01-14,28192,28551.8284755594
亞東醫院,2026-01-15,27751,27770.089730683525
亞東醫院,2026-01-16,27910,28506.62309139208
亞東醫院,2026-01-17,18970,18576.029117012564
亞東醫院,2026-01-18,14246,14099.339224590023
亞東醫院,2026-01-19,26444,27617.858070049268
亞東醫院,2026-01-20,28397,28377.29724150916
亞東醫院,2026-01-21,27356,28500.39534785483
亞東醫院,2026-01-22,26849,27586.53014876389
亞東醫院,2026-01-23,28223,28114.22512881617
亞東醫院,2026-01-24,18691,18554.18839337118
亞東醫院,2026-01-25,14546,14012.738486341392
亞東醫院,2026-01-26,27056,27425.93075850444
亞東醫院,2026-01-27,27487,28519.705658223385
亞東醫院,2026-01-28,27486,28179.601823913355
亞東醫院,2026-01-29,27634,27425.64697033688
亞東醫院,2026-01-30,27987,28284.49274391144
亞東醫院,2026-01-31,18885,18608.7300377868
亞東醫院,2026-02-01,13425,14160.917645052266
亞東醫院,2026-02-02,26555,27135.47045962719
亞東醫院,2026-02-03,28279,28119.628010793607
亞東醫院,2026-02-04,28144,28114.7709846562
亞東醫院,2026-02-05,28379,27633.6554374373
亞東醫院,2026-02-06,28712,28498.50241339984
亞東醫院,2026-02-07,18933,18957.143190285344
亞東醫院,2026-02-08,14056,14213.327440675475
亞東醫院,2026-02-09,27106,27269.425291003656
亞東醫院,2026-02-10,28173,28385.697229720983
亞東醫院,2026-02-11,27534,28221.287276863943
亞東醫院,2026-02-12,27617,27676.56238677855
亞東醫院,2026-02-13,26045,28316.83725010634
亞東醫院,2026-02-14,15647,18240.11737004987
亞東醫院,2026-02-15,11082,13063.955096293948
亞東醫院,2026-02-16,7556,9046.099400348765
亞東醫院,2026-02-17,10096,10164.21576610216
亞東醫院,2026-02-18,10717,10255.457880686354
亞東醫院,2026-02-19,12200,10279.937020547528
亞東醫院,2026-02-20,14160,14797.070883793507
亞東醫院,2026-02-21,14827,18171.10115246021
亞東醫院,2026-02-22,13040,12740.488038250054
亞東醫院,2026-02-23,26783,26174.68793441073
亞東醫院,2026-02-24,28494,27835.009678655133
亞東醫院,2026-02-25,28465,27986.030170189577
亞東醫院,2026-02-26,29294,28095.788204353412
亞東醫院,2026-02-27,19031,15013.123299186143
亞東醫院,2026-02-28,15831,18878.241213855712
亞東醫院,2026-03-01,13205,13676.428523779628
亞東醫院,2026-03-02,28050,26777.093030955373
亞東醫院,2026-03-03,28041,28499.290062966094
亞東醫院,2026-03-04,27915,28259.465693584894
亞東醫院,2026-03-05,28845,28283.29722177045
亞東醫院,2026-03-06,29334,28803.280897840305
亞東醫院,2026-03-07,19428,17629.74024020203
亞東醫院,2026-03-08,14260,14030.28592142695
亞東醫院,2026-03-09,27857,27455.816217694963
亞東醫院,2026-03-10,28701,28629.831320530324
亞東醫院,2026-03-11,29319,28461.153842481617
亞東醫院,2026-03-12,28935,28835.320716182177
亞東醫院,2026-03-13,29484,29176.548560510186
亞東醫院,2026-03-14,19589,18076.128258667384
亞東醫院,2026-03-15,14975,14191.12856109661
亞東醫院,2026-03-16,27495,27758.40610393514
亞東醫院,2026-03-17,28864,28677.028872045383
亞東醫院,2026-03-18,28846,28657.405892121315
亞東醫院,2026-03-19,28453,28778.967587793933
亞東醫院,2026-03-20,29421,29081.526298008237
亞東醫院,2026-03-21,19197,18245.073073279083
亞東醫院,2026-03-22,15024,14184.548680883732
亞東醫院,2026-03-23,27817,27656.130685108976
亞東醫院,2026-03-24,29132,28748.549692593533
亞東醫院,2026-03-25,28923,28775.982949394343
亞東醫院,2026-03-26,28275,28786.30970772681
亞東醫院,2026-03-27,29374,29131.32524934153
亞東醫院,2026-03-28,19058,18397.255129144847
亞東醫院,2026-03-29,14074,14289.044149429676
亞東醫院,2026-03-30,28069,27445.88463960238
亞東醫院,2026-03-31,28586,28745.880614894984
亞東醫院,2026-04-01,28412,28642.864731046157
亞東醫院,2026-04-02,27822,28500.824573515714
亞東醫院,2026-04-03,14972,15721.290565019584
亞東醫院,2026-04-04,13122,18142.34455024139
亞東醫院,2026-04-05,12727,12725.013518806512
亞東醫院,2026-04-06,12435,13191.106854811353
亞東醫院,2026-04-07,28772,27595.69086231549
亞東醫院,2026-04-08,28737,28053.270570461274
亞東醫院,2026-04-09,28869,28167.149092888907
亞東醫院,2026-04-10,29636,28965.45976330881
亞東醫院,2026-04-11,19482,17702.63966898442
亞東醫院,2026-04-12,14696,14360.845526574094
亞東醫院,2026-04-13,27849,27623.80285152246
亞東醫院,2026-04-14,28931,28968.04045652503
亞東醫院,2026-04-15,28348,28822.77339207479
亞東醫院,2026-04-16,28320,28538.017623681168
亞東醫院,2026-04-17,29180,29084.186702120496
亞東醫院,2026-04-18,19176,17866.211098270047
亞東醫院,2026-04-19,14348,14296.536142338226
亞東醫院,2026-04-20,27832,27514.179703988066
亞東醫院,2026-04-21,28961,28891.3333781578
亞東醫院,2026-04-22,28858,28714.415915136287
亞東醫院,2026-04-23,28322,28603.56353099763
亞東醫院,2026-04-24,28973,29156.05929246901
亞東醫院,2026-04-25,19065,18075.02798213521
亞東醫院,2026-04-26,15679,14271.959027461487
亞東醫院,2026-04-27,28329,27849.709005817505
亞東醫院,2026-04-28,28984,29163.187063050293
亞東醫院,2026-04-29,29013,28877.60460797637
亞東醫院,2026-04-30,29642,28665.91315149341
亞東醫院,2026-05-01,16378,16237.230897725363
亞東醫院,2026-05-02,16459,18581.537385536067
亞東醫院,2026-05-03,13606,14093.0978294278
亞東醫院,2026-05-04,28523,27246.315607867917
亞東醫院,2026-05-05,29199,28816.58274878344
亞東醫院,2026-05-06,29424,28781.85039502649
亞東醫院,2026-05-07,29241,28854.84883342828
亞東醫院,2026-05-08,29512,29429.68888293647
亞東醫院,2026-05-09,19056,18173.627002137317
亞東醫院,2026-05-10,14198,14573.98146904805
亞東醫院,2026-05-11,27872,27884.76810658846
亞東醫院,2026-05-12,29044,28955.727224385944
亞東醫院,2026-05-13,28285,28894.494180139387
亞東醫院,2026-05-14,28345,28671.34131880917
亞東醫院,2026-05-15,29561,29108.19311042448
亞東醫院,2026-05-16,19088,18138.44045105668
亞東醫院,2026-05-17,14976,14428.060052646148
亞東醫院,2026-05-18,27730,28024.243080031614
亞東醫院,2026-05-19,28848,29011.028639228854
亞東醫院,2026-05-20,28724,28774.239986440592
亞東醫院,2026-05-21,28448,28706.38787932789
亞東醫院,2026-05-22,29205,29252.19825160409
亞東醫院,2026-05-23,19407,18257.136100481097
亞東醫院,2026-05-24,14846,14564.638591379977
亞東醫院,2026-05-25,28020,27971.95658089367
亞東醫院,2026-05-26,29069,29048.223388670387
亞東醫院,2026-05-27,28714,28845.153103740544
亞東醫院,2026-05-28,28592,28703.281877149
亞東醫院,2026-05-29,28819,29301.97884757698
亞東醫院,2026-05-30,19155,18394.85501547436
亞東醫院,2026-05-31,14138,14527.168850381917
信義安和,2026-01-01,15693,12942.069820824763
信義安和,2026-01-02,21359,23126.686438119963
信義安和,2026-01-03,14675,15473.865000580832
信義安和,2026-01-04,11028,11224.248297846634
信義安和,2026-01-05,20261,19486.12007640385
信義安和,2026-01-06,21450,20696.09830986244
信義安和,2026-01-07,21372,21134.283955411152
信義安和,2026-01-08,21186,21419.7703393124
信義安和,2026-01-09,22724,22055.651422215316
信義安和,2026-01-10,15261,15455.913023519608
信義安和,2026-01-11,11396,11395.93272899398
信義安和,2026-01-12,20083,19726.05674467173
信義安和,2026-01-13,20980,20766.60812664622
信義安和,2026-01-14,21061,21026.32471231205
信義安和,2026-01-15,21086,21186.209719082624
信義安和,2026-01-16,22789,22107.271602126595
信義安和,2026-01-17,15940,15442.808533715635
信義安和,2026-01-18,11625,11592.13050395766
信義安和,2026-01-19,19885,19884.00476552569
信義安和,2026-01-20,21245,20764.2681667096
信義安和,2026-01-21,20763,21097.11854917424
信義安和,2026-01-22,21111,21118.08875196794
信義安和,2026-01-23,22524,22163.09930465067
信義安和,2026-01-24,15707,15429.637568757984
信義安和,2026-01-25,12150,11500.894743156152
信義安和,2026-01-26,19919,19990.915894297697
信義安和,2026-01-27,21108,20869.64328026009
信義安和,2026-01-28,20846,21033.23412827214
信義安和,2026-01-29,21393,21136.10770537548
信義安和,2026-01-30,22121,22277.25330599938
信義安和,2026-01-31,15143,15367.45099882407
信義安和,2026-02-01,11182,11389.72710660385
信義安和,2026-02-02,19965,19636.28517382397
信義安和,2026-02-03,21460,20777.50348891349
信義安和,2026-02-04,21816,21079.874362202376
信義安和,2026-02-05,22181,21468.195135134734
信義安和,2026-02-06,23494,22580.41542810325
信義安和,2026-02-07,16008,15843.411857553992
信義安和,2026-02-08,12181,11777.082855539664
信義安和,2026-02-09,20063,20118.162862882135
信義安和,2026-02-10,21904,21040.87396119568
信義安和,2026-02-11,21368,21369.646826656743
信義安和,2026-02-12,21447,21491.28916087492
信義安和,2026-02-13,20654,22467.00598791216
信義安和,2026-02-14,13346,14973.9649567101
信義安和,2026-02-15,9490,10751.514028361564
信義安和,2026-02-16,6607,6133.980034480846
信義安和,2026-02-17,7121,7722.687276609398
信義安和,2026-02-18,8350,7761.66489759017
信義安和,2026-02-19,9030,8319.29919371866
信義安和,2026-02-20,10247,13909.501308335586
信義安和,2026-02-21,11555,14161.777443634548
信義安和,2026-02-22,9982,9855.721396971468
信義安和,2026-02-23,19137,18890.041709653004
信義安和,2026-02-24,19891,20315.80523103396
信義安和,2026-02-25,20894,20592.256011557896
信義安和,2026-02-26,21580,21125.38020702049
信義安和,2026-02-27,14310,13385.742667300272
信義安和,2026-02-28,13654,15000.297392967232
信義安和,2026-03-01,10921,10903.905139181092
信義安和,2026-03-02,19793,19534.240821025774
信義安和,2026-03-03,21013,20687.41173249268
信義安和,2026-03-04,21275,21082.52029953857
信義安和,2026-03-05,21043,21439.859006857343
信義安和,2026-03-06,22625,21841.248882212785
信義安和,2026-03-07,15676,14882.140784896885
信義安和,2026-03-08,11779,11476.911003685953
信義安和,2026-03-09,20032,20009.730943452934
信義安和,2026-03-10,21026,20967.692912655228
信義安和,2026-03-11,21283,21183.652762536625
信義安和,2026-03-12,21306,21410.834797702315
信義安和,2026-03-13,22891,22005.70616958901
信義安和,2026-03-14,17109,15124.253123814333
信義安和,2026-03-15,12457,11962.612478567828
信義安和,2026-03-16,19821,20359.546090143504
信義安和,2026-03-17,20431,21032.620721185576
信義安和,2026-03-18,20955,21043.982059184127
信義安和,2026-03-19,20793,21261.083299056038
信義安和,2026-03-20,22856,21897.32364046189
信義安和,2026-03-21,16654,15272.926703366114
信義安和,2026-03-22,12658,11857.856250932236
信義安和,2026-03-23,20032,20292.341444154503
信義安和,2026-03-24,20567,21016.387737929243
信義安和,2026-03-25,21324,21090.76751150467
信義安和,2026-03-26,21139,21332.610020476997
信義安和,2026-03-27,22524,22138.847313203318
信義安和,2026-03-28,16043,15351.754513821325
信義安和,2026-03-29,11905,11754.892956386357
信義安和,2026-03-30,19751,19989.86373185732
信義安和,2026-03-31,20710,20793.876678684243
信義安和,2026-04-01,20836,21098.520948334957
信義安和,2026-04-02,21451,21172.091096046523
信義安和,2026-04-03,13131,13896.55155092191
信義安和,2026-04-04,11436,15102.961752886196
信義安和,2026-04-05,10565,10327.736156801133
信義安和,2026-04-06,9677,10773.464118656935
信義安和,2026-04-07,20421,19970.73404348935
信義安和,2026-04-08,20906,20683.732768461727
信義安和,2026-04-09,20828,21098.355441270312
信義安和,2026-04-10,22400,21873.89467576785
信義安和,2026-04-11,15801,14824.51003801665
信義安和,2026-04-12,11633,11673.574458566878
信義安和,2026-04-13,19610,19720.606330522816
信義安和,2026-04-14,20243,20772.48401353034
信義安和,2026-04-15,20950,20931.440646268067
信義安和,2026-04-16,21148,21146.250090163267
信義安和,2026-04-17,22194,22081.786483403917
信義安和,2026-04-18,15871,15023.025285766367
信義安和,2026-04-19,12046,11677.069504924775
信義安和,2026-04-20,19570,19857.9049773558
信義安和,2026-04-21,20222,20727.4842626449
信義安和,2026-04-22,20292,20933.92291366535
信義安和,2026-04-23,20750,20966.64087680348
信義安和,2026-04-24,22471,21902.87622053097
信義安和,2026-04-25,15507,15122.40985226035
信義安和,2026-04-26,12279,11625.255407696006
信義安和,2026-04-27,19949,19856.97676930192
信義安和,2026-04-28,20623,20796.917873987422
信義安和,2026-04-29,21127,21010.39180527624
信義安和,2026-04-30,22581,21234.769889098705
信義安和,2026-05-01,14231,14297.64980197304
信義安和,2026-05-02,14191,15390.474609837916
信義安和,2026-05-03,11100,11407.134015717054
信義安和,2026-05-04,20582,19434.79456127136
信義安和,2026-05-05,21475,20812.466821669368
信義安和,2026-05-06,21333,21293.638474848907
信義安和,2026-05-07,21502,21557.55995244213
信義安和,2026-05-08,22515,22321.434558302157
信義安和,2026-05-09,15406,15133.724310179086
信義安和,2026-05-10,10756,11665.597435123642
信義安和,2026-05-11,19605,19589.38137784955
信義安和,2026-05-12,20658,20625.06513345389
信義安和,2026-05-13,21007,20964.291292672904
信義安和,2026-05-14,20783,21305.5589561269
信義安和,2026-05-15,22443,22065.81190494273
信義安和,2026-05-16,15928,15076.927332131943
信義安和,2026-05-17,12176,11665.494090632334
信義安和,2026-05-18,19658,20006.960090121676
信義安和,2026-05-19,20584,20786.070294268902
信義安和,2026-05-20,21132,21009.096443533712
信義安和,2026-05-21,21154,21290.801145526897
信義安和,2026-05-22,22043,22232.287037362203
信義安和,2026-05-23,15921,15107.105442773774
信義安和,2026-05-24,11606,11725.3620461529
信義安和,2026-05-25,19869,19789.24918365893
信義安和,2026-05-26,20373,20758.38303262697
信義安和,2026-05-27,21144,20962.57387053035
信義安和,2026-05-28,20868,21268.59647122877
信義安和,2026-05-29,22341,22110.63505232752
信義安和,2026-05-30,16059,15241.31128966607
信義安和,2026-05-31,11505,11756.961594694692
先嗇宮,2026-01-01,1983,2616.809584580917
先嗇宮,2026-01-02,5669,5748.423464468754
先嗇宮,2026-01-03,2584,2812.121807170031
先嗇宮,2026-01-04,2258,2257.328546431672
先嗇宮,2026-01-05,5875,5687.752674822466
先嗇宮,2026-01-06,5944,5938.65169110874
先嗇宮,2026-01-07,6062,5971.761380356809
先嗇宮,2026-01-08,5911,5848.365712871568
先嗇宮,2026-01-09,6288,5954.67971423349
先嗇宮,2026-01-10,2898,2971.192829481852
先嗇宮,2026-01-11,2278,2337.84219334555
先嗇宮,2026-01-12,5800,5698.773102490625
先嗇宮,2026-01-13,6040,5917.048017756172
先嗇宮,2026-01-14,5961,6016.60147968737
先嗇宮,2026-01-15,6024,5804.748344221952
先嗇宮,2026-01-16,6014,6023.124838766559
先嗇宮,2026-01-17,2994,2863.479595667119
先嗇宮,2026-01-18,2401,2380.561923090822
先嗇宮,2026-01-19,5838,5743.333558499214
先嗇宮,2026-01-20,6154,5934.097563800483
先嗇宮,2026-01-21,6071,6050.771548224248
先嗇宮,2026-01-22,5993,5853.928240210926
先嗇宮,2026-01-23,6053,6012.006076933382
先嗇宮,2026-01-24,3006,2887.9259331095805
先嗇宮,2026-01-25,2470,2382.9622262146336
先嗇宮,2026-01-26,5657,5774.944215134625
先嗇宮,2026-01-27,5967,5888.369923463195
先嗇宮,2026-01-28,5879,5998.431790783593
先嗇宮,2026-01-29,6002,5811.234553424494
先嗇宮,2026-01-30,5946,6026.572355472356
先嗇宮,2026-01-31,3123,2861.1150363059865
先嗇宮,2026-02-01,2515,2435.0323560060974
先嗇宮,2026-02-02,5699,5775.490563709463
先嗇宮,2026-02-03,5917,5910.377313499787
先嗇宮,2026-02-04,6135,5970.799437674939
先嗇宮,2026-02-05,5925,5916.742617997845
先嗇宮,2026-02-06,6113,5981.547198284962
先嗇宮,2026-02-07,3036,2945.0193124624107
先嗇宮,2026-02-08,2527,2403.688321005656
先嗇宮,2026-02-09,5735,5777.8481408222415
先嗇宮,2026-02-10,5914,5922.552258375935
先嗇宮,2026-02-11,5858,5979.066472608098
先嗇宮,2026-02-12,5740,5827.329155445352
先嗇宮,2026-02-13,5466,5942.389294666131
先嗇宮,2026-02-14,2351,2745.484791214471
先嗇宮,2026-02-15,1875,2215.9548970185256
先嗇宮,2026-02-16,1263,1811.0171797104945
先嗇宮,2026-02-17,1922,1942.428569375606
先嗇宮,2026-02-18,1895,2156.5965972767085
先嗇宮,2026-02-19,2020,1989.935602972432
先嗇宮,2026-02-20,2099,2629.791514961109
先嗇宮,2026-02-21,2480,2691.4276386125907
先嗇宮,2026-02-22,2105,2238.725317256178
先嗇宮,2026-02-23,5694,5611.97287273954
先嗇宮,2026-02-24,5916,5924.598485548244
先嗇宮,2026-02-25,6191,5950.328845955988
先嗇宮,2026-02-26,6194,5933.7302739067845
先嗇宮,2026-02-27,2821,2691.1474812570077
先嗇宮,2026-02-28,3059,2895.7413848110923
先嗇宮,2026-03-01,2317,2383.8179207203025
先嗇宮,2026-03-02,5852,5657.338740368937
先嗇宮,2026-03-03,5816,5969.636661741843
先嗇宮,2026-03-04,6203,5924.461358451734
先嗇宮,2026-03-05,6093,5964.367442250013
先嗇宮,2026-03-06,6278,5962.764762486532
先嗇宮,2026-03-07,3363,2961.973796268961
先嗇宮,2026-03-08,2781,2470.452472235328
先嗇宮,2026-03-09,5841,5815.330139661577
先嗇宮,2026-03-10,6080,5932.44760759768
先嗇宮,2026-03-11,6256,6041.940466673172
先嗇宮,2026-03-12,6108,5981.66284469111
先嗇宮,2026-03-13,6349,5993.396081542289
先嗇宮,2026-03-14,3120,3018.307731558757
先嗇宮,2026-03-15,2581,2408.1152984504565
先嗇宮,2026-03-16,5837,5765.787672120613
先嗇宮,2026-03-17,5961,5948.495356916798
先嗇宮,2026-03-18,6033,6021.218611850582
先嗇宮,2026-03-19,6026,5924.405024503558
先嗇宮,2026-03-20,6113,6008.039795129439
先嗇宮,2026-03-21,3019,2955.0481021613464
先嗇宮,2026-03-22,2699,2403.550744729894
先嗇宮,2026-03-23,5889,5814.642832135036
先嗇宮,2026-03-24,5956,5962.521452121896
先嗇宮,2026-03-25,6098,6021.771881454939
先嗇宮,2026-03-26,5905,5956.340009846594
先嗇宮,2026-03-27,5948,5977.008023821509
先嗇宮,2026-03-28,2813,2912.5513787081813
先嗇宮,2026-03-29,2471,2366.7761550208893
先嗇宮,2026-03-30,5698,5754.111748907859
先嗇宮,2026-03-31,5926,5908.183450216247
先嗇宮,2026-04-01,5953,6025.8742108652805
先嗇宮,2026-04-02,5721,5905.35307222397
先嗇宮,2026-04-03,2396,2617.073878930248
先嗇宮,2026-04-04,2157,2830.929327443476
先嗇宮,2026-04-05,2027,2169.778298692064
先嗇宮,2026-04-06,2033,2328.768909728776
先嗇宮,2026-04-07,5869,5806.169209551612
先嗇宮,2026-04-08,6032,6017.929588259381
先嗇宮,2026-04-09,5975,5917.541275672432
先嗇宮,2026-04-10,6021,5985.598688552224
先嗇宮,2026-04-11,3041,2873.132035787529
先嗇宮,2026-04-12,2361,2442.9671828934866
先嗇宮,2026-04-13,5743,5679.158948153648
先嗇宮,2026-04-14,5851,5936.9985932084055
先嗇宮,2026-04-15,5981,5992.752995012906
先嗇宮,2026-04-16,5933,5906.01879842071
先嗇宮,2026-04-17,5991,5973.071098257455
先嗇宮,2026-04-18,2984,2868.169746557768
先嗇宮,2026-04-19,2386,2416.708632261584
先嗇宮,2026-04-20,5716,5690.981516503794
先嗇宮,2026-04-21,5827,5920.519791935582
先嗇宮,2026-04-22,6023,5985.63901753518
先嗇宮,2026-04-23,6070,5924.050385750048
先嗇宮,2026-04-24,6014,6018.766250424086
先嗇宮,2026-04-25,2794,2880.6703026862874
先嗇宮,2026-04-26,2561,2349.166027210457
先嗇宮,2026-04-27,5770,5762.471195473754
先嗇宮,2026-04-28,5907,5919.816681225386
先嗇宮,2026-04-29,5953,6014.059215561504
先嗇宮,2026-04-30,6115,5908.165935753012
先嗇宮,2026-05-01,2886,2733.3178779042214
先嗇宮,2026-05-02,2735,2932.088196453327
先嗇宮,2026-05-03,2350,2336.5638438238707
先嗇宮,2026-05-04,5832,5696.773243826451
先嗇宮,2026-05-05,5952,5948.507886302068
先嗇宮,2026-05-06,6098,6020.322853071611
先嗇宮,2026-05-07,5948,5973.281264069286
先嗇宮,2026-05-08,6030,5986.266764966628
先嗇宮,2026-05-09,2918,2871.33457143825
先嗇宮,2026-05-10,2265,2408.912254869951
先嗇宮,2026-05-11,5856,5668.27234322723
先嗇宮,2026-05-12,5892,5962.617707037884
先嗇宮,2026-05-13,5962,6003.0959309916925
先嗇宮,2026-05-14,5941,5931.928997738899
先嗇宮,2026-05-15,6021,5995.89391202856
先嗇宮,2026-05-16,2860,2868.4724155658246
先嗇宮,2026-05-17,2418,2379.069665217529
先嗇宮,2026-05-18,5677,5738.932966566588
先嗇宮,2026-05-19,5811,5888.792936355567
先嗇宮,2026-05-20,5990,5984.253129299109
先嗇宮,2026-05-21,5800,5944.193518534291
先嗇宮,2026-05-22,5865,5949.177358178298
先嗇宮,2026-05-23,2901,2823.574151431279
先嗇宮,2026-05-24,2535,2400.6313924657056
先嗇宮,2026-05-25,5738,5773.029642507088
先嗇宮,2026-05-26,5760,5896.815023177862
先嗇宮,2026-05-27,5841,5964.658177931811
先嗇宮,2026-05-28,5816,5886.125315589785
先嗇宮,2026-05-29,5980,5955.6258058136455
先嗇宮,2026-05-30,2961,2866.138211742485
先嗇宮,2026-05-31,2358,2426.105813145067
內湖,2026-01-01,6955,8115.174262261555
內湖,2026-01-02,10471,10948.269873750249
內湖,2026-01-03,8980,9151.58026923949
內湖,2026-01-04,7764,7516.065724123715
內湖,2026-01-05,10244,10230.409606738407
內湖,2026-01-06,10432,10624.3274669963
內湖,2026-01-07,10547,10740.262264802455
內湖,2026-01-08,10670,10569.954880378777
內湖,2026-01-09,11530,11312.341792268684
內湖,2026-01-10,9600,9521.612798941294
內湖,2026-01-11,7753,7754.186887896882
內湖,2026-01-12,10015,10197.673491384634
內湖,2026-01-13,10496,10510.260599683965
內湖,2026-01-14,10715,10754.317372051724
內湖,2026-01-15,10717,10657.987678226991
內湖,2026-01-16,11490,11353.35762571541
內湖,2026-01-17,9992,9514.359770898243
內湖,2026-01-18,8031,7914.532344550415
內湖,2026-01-19,10165,10272.270344521805
內湖,2026-01-20,11230,10561.159288662142
內湖,2026-01-21,10587,11047.505223278418
內湖,2026-01-22,10546,10576.532075752952
內湖,2026-01-23,11446,11306.275977975847
內湖,2026-01-24,9260,9555.611376447394
內湖,2026-01-25,8310,7628.13202262734
內湖,2026-01-26,10255,10411.827453034684
內湖,2026-01-27,10717,10655.178529223527
內湖,2026-01-28,10704,10783.781788019409
內湖,2026-01-29,11041,10645.44668818642
內湖,2026-01-30,11601,11515.11400229838
內湖,2026-01-31,9616,9558.607772461262
內湖,2026-02-01,7562,7844.146032954044
內湖,2026-02-02,10020,10071.817358110247
內湖,2026-02-03,10516,10596.348476813217
內湖,2026-02-04,10758,10704.066026934524
內湖,2026-02-05,11078,10720.762909242092
內湖,2026-02-06,11409,11534.74692101514
內湖,2026-02-07,9524,9487.832093451112
內湖,2026-02-08,7714,7777.18559097302
內湖,2026-02-09,10010,10133.462804294712
內湖,2026-02-10,10901,10574.891295265064
內湖,2026-02-11,10767,10870.451187981207
內湖,2026-02-12,10906,10741.383834263255
內湖,2026-02-13,10976,11450.954027799811
內湖,2026-02-14,8117,9321.510302289582
內湖,2026-02-15,6364,7215.046167825441
內湖,2026-02-16,4697,4577.639855349107
內湖,2026-02-17,5935,5509.119511793511
內湖,2026-02-18,6374,5846.634335411409
內湖,2026-02-19,7002,5968.800128064144
內湖,2026-02-20,7251,9077.593150010696
內湖,2026-02-21,8248,8740.501658143205
內湖,2026-02-22,7287,7227.12974785024
內湖,2026-02-23,10070,10012.337836619756
內湖,2026-02-24,10614,10694.8818103031
內湖,2026-02-25,10892,10795.687111725165
內湖,2026-02-26,11506,10934.627323521883
內湖,2026-02-27,9678,8677.320064823321
內湖,2026-02-28,9079,9718.767987677971
內湖,2026-03-01,7536,7464.763978099631
內湖,2026-03-02,10559,10093.821778836164
內湖,2026-03-03,11470,10873.27978614732
內湖,2026-03-04,10933,11129.984952373334
內湖,2026-03-05,10965,10965.647161954435
內湖,2026-03-06,11388,11350.978964054982
內湖,2026-03-07,9975,9246.263592807478
內湖,2026-03-08,8194,7887.670069960794
內湖,2026-03-09,10357,10366.591027510996
內湖,2026-03-10,10690,10831.55568319226
內湖,2026-03-11,11301,10799.393308132188
內湖,2026-03-12,11154,11146.52684046065
內湖,2026-03-13,11846,11400.559852701535
內湖,2026-03-14,10356,9515.653114936693
內湖,2026-03-15,8527,8056.224062036492
內湖,2026-03-16,10443,10481.579802367509
內湖,2026-03-17,10738,10830.737628748631
內湖,2026-03-18,11142,10874.458884166886
內湖,2026-03-19,10891,11079.978081218704
內湖,2026-03-20,11694,11349.431569071576
內湖,2026-03-21,10187,9550.78750831888
內湖,2026-03-22,8200,8041.860238034069
內湖,2026-03-23,10259,10350.457491398098
內湖,2026-03-24,10847,10761.102566074136
內湖,2026-03-25,10991,10950.821388674836
內湖,2026-03-26,11036,10990.81195330844
內湖,2026-03-27,11333,11450.560578592896
內湖,2026-03-28,9498,9456.454627715764
內湖,2026-03-29,7888,7789.743072231664
內湖,2026-03-30,10278,10243.498956835463
內湖,2026-03-31,10580,10790.807301103088
內湖,2026-04-01,10678,10840.521462585584
內湖,2026-04-02,11701,10882.353793942788
內湖,2026-04-03,8392,8957.618907640033
內湖,2026-04-04,7574,9347.59887671966
內湖,2026-04-05,7333,7021.252565441509
內湖,2026-04-06,6804,7348.466472936743
內湖,2026-04-07,10376,10490.411809801402
內湖,2026-04-08,10942,10770.480538264464
內湖,2026-04-09,10915,11087.365237137368
內湖,2026-04-10,11453,11322.543657075175
內湖,2026-04-11,9685,9311.64492886276
內湖,2026-04-12,8033,7902.916520243758
內湖,2026-04-13,10165,10238.739812120695
內湖,2026-04-14,10519,10703.555583164569
內湖,2026-04-15,10635,10823.84145228672
內湖,2026-04-16,10602,10929.70180975071
內湖,2026-04-17,11229,11229.64288659886
內湖,2026-04-18,11112,9293.046102287042
內湖,2026-04-19,8892,8509.345213676623
內湖,2026-04-20,9984,10519.46907935252
內湖,2026-04-21,10634,10576.829667013815
內湖,2026-04-22,10650,10860.84830128098
內湖,2026-04-23,10753,10894.14911894711
內湖,2026-04-24,11581,11290.381258919586
內湖,2026-04-25,9364,9628.884289635022
內湖,2026-04-26,8282,7816.555209264052
內湖,2026-04-27,10288,10296.035103723125
內湖,2026-04-28,10664,10729.24352806431
內湖,2026-04-29,10900,10834.847397959553
內湖,2026-04-30,11634,10985.120264562182
內湖,2026-05-01,9165,8909.642452942217
內湖,2026-05-02,8923,9681.819512589298
內湖,2026-05-03,7368,7671.285407866746
內湖,2026-05-04,10417,9947.96596927076
內湖,2026-05-05,10824,10815.62574762448
內湖,2026-05-06,11189,10899.02924732546
內湖,2026-05-07,11173,11171.085654978206
內湖,2026-05-08,11548,11495.324576348869
內湖,2026-05-09,9502,9467.692110578288
內湖,2026-05-10,7632,7885.877854584569
內湖,2026-05-11,10116,10079.0886966115
內湖,2026-05-12,10642,10684.406345575268
內湖,2026-05-13,10688,10871.390554126796
內湖,2026-05-14,10665,10965.663799737791
內湖,2026-05-15,11488,11313.070822167812
內湖,2026-05-16,9664,9476.538455557278
內湖,2026-05-17,8217,7927.658679905595
內湖,2026-05-18,10262,10310.700548446051
內湖,2026-05-19,10617,10712.405728623884
內湖,2026-05-20,10833,10833.844987761033
內湖,2026-05-21,10723,10993.331814373354
內湖,2026-05-22,11389,11348.601764672245
內湖,2026-05-23,9850,9454.50923963484
內湖,2026-05-24,7706,8043.901629796868
內湖,2026-05-25,10045,10085.468407993258
內湖,2026-05-26,10584,10638.762841919775
內湖,2026-05-27,10987,10829.508933649133
內湖,2026-05-28,10538,11030.396691408288
內湖,2026-05-29,11212,11267.795098361585
內湖,2026-05-30,9481,9433.57014106586
內湖,2026-05-31,8003,7859.135543195665
公館,2026-01-01,17329,20031.626557167627
公館,2026-01-02,24167,29751.04406188586
公館,2026-01-03,23362,23311.380911281623
公館,2026-01-04,19770,21341.09988748596
公館,2026-01-05,22842,23691.104012354408
公館,2026-01-06,23718,25869.372235152696
公館,2026-01-07,24622,26665.023370500567
公館,2026-01-08,24546,26653.46804273292
公館,2026-01-09,26887,27050.60635614731
公館,2026-01-10,23427,24873.64902075546
公館,2026-01-11,19972,20727.8008719992
公館,2026-01-12,22856,23523.47182410784
公館,2026-01-13,24436,25119.89498905364
公館,2026-01-14,24544,26356.0824267976
公館,2026-01-15,24338,25835.311790998418
公館,2026-01-16,26742,26803.10717831559
公館,2026-01-17,22828,24311.547811772536
公館,2026-01-18,19684,20119.03536465227
公館,2026-01-19,23151,23143.53199482122
公館,2026-01-20,24636,25031.589998544023
公館,2026-01-21,24310,25816.638707688617
公館,2026-01-22,24109,25162.70219611306
公館,2026-01-23,26656,26661.530720253264
公館,2026-01-24,24282,23748.168496177797
公館,2026-01-25,22678,20778.456533887314
公館,2026-01-26,24229,24766.208884074276
公館,2026-01-27,25638,25397.69489068785
公館,2026-01-28,25759,25813.64319587768
公館,2026-01-29,25723,25566.372756279037
公館,2026-01-30,26803,27517.4593156886
公館,2026-01-31,23379,23939.692831208333
公館,2026-02-01,23404,20906.241440285427
公館,2026-02-02,24951,25021.309528783266
公館,2026-02-03,27732,25852.355324837325
公館,2026-02-04,26027,26924.735830559108
公館,2026-02-05,25462,25687.522064553898
公館,2026-02-06,29653,27125.03004718721
公館,2026-02-07,25934,25363.83344665583
公館,2026-02-08,20494,23115.528772464408
公館,2026-02-09,23043,23281.75571993077
公館,2026-02-10,24402,25521.477097809657
公館,2026-02-11,24467,24812.232571199165
公館,2026-02-12,22653,24845.38170610897
公館,2026-02-13,22149,26439.709785098283
公館,2026-02-14,16981,21433.52194166517
公館,2026-02-15,13240,17490.108956580967
公館,2026-02-16,7228,2867.3783891103594
公館,2026-02-17,9231,9253.884641841809
公館,2026-02-18,10761,8869.476776447555
公館,2026-02-19,13226,9103.05804742001
公館,2026-02-20,14515,20282.1495146183
公館,2026-02-21,24253,20276.834811745844
公館,2026-02-22,22571,20069.409148856867
公館,2026-02-23,26839,25875.188080655556
公館,2026-02-24,28580,27202.261369409
公館,2026-02-25,30015,27537.41996767609
公館,2026-02-26,32917,28440.8277091402
公館,2026-02-27,25509,19948.588590341053
公館,2026-02-28,22950,27615.67845733265
公館,2026-03-01,20320,19770.613036507624
公館,2026-03-02,27200,25066.426721021984
公館,2026-03-03,28770,27939.610851318987
公館,2026-03-04,29549,28492.546656534563
公館,2026-03-05,30578,29747.217400214908
公館,2026-03-06,34227,29093.175358053548
公館,2026-03-07,35029,26216.03101399836
公館,2026-03-08,24367,26753.490913010857
公館,2026-03-09,27236,27673.298237082618
公館,2026-03-10,28788,28151.279645189235
公館,2026-03-11,30878,28900.13743372936
公館,2026-03-12,30210,30835.301045527565
公館,2026-03-13,34277,30660.654001324336
公館,2026-03-14,37882,29166.035282829216
公館,2026-03-15,30346,27550.271659473743
公館,2026-03-16,27118,30812.791745937124
公館,2026-03-17,29131,28122.35962079844
公館,2026-03-18,29925,29789.83592812081
公館,2026-03-19,29870,30088.89821998757
公館,2026-03-20,34336,31796.455064196096
公館,2026-03-21,28120,32282.27228680605
公館,2026-03-22,24617,22988.794259772083
公館,2026-03-23,26258,26666.961326292974
公館,2026-03-24,28706,28158.58678482533
公館,2026-03-25,29885,29644.1636126779
公館,2026-03-26,29535,29996.00196733551
公館,2026-03-27,33452,32518.23344778328
公館,2026-03-28,26920,30516.220348636794
公館,2026-03-29,23374,22936.24630019908
公館,2026-03-30,27127,25816.333682496283
公館,2026-03-31,29384,28883.123294935915
公館,2026-04-01,29545,30076.083930048964
公館,2026-04-02,34343,29626.51840845414
公館,2026-04-03,21421,26931.26899390389
公館,2026-04-04,17420,27183.250288900963
公館,2026-04-05,18740,17904.892519362635
公館,2026-04-06,15202,15317.395007600437
公館,2026-04-07,27299,27355.409644348343
公館,2026-04-08,28515,28831.436500166037
公館,2026-04-09,28889,30698.190925958348
公館,2026-04-10,32442,30701.480305556423
公館,2026-04-11,27791,25342.21000202519
公館,2026-04-12,24971,23914.630899420496
公館,2026-04-13,25452,27098.8295946108
公館,2026-04-14,27377,28059.440524621183
公館,2026-04-15,27889,28718.75781389275
公館,2026-04-16,29057,29805.185857168563
公館,2026-04-17,32303,31323.32937359689
公館,2026-04-18,29023,25943.666607013613
公館,2026-04-19,25119,24978.53437138936
公館,2026-04-20,25730,26582.921883229144
公館,2026-04-21,27802,27981.20966261265
公館,2026-04-22,28931,28663.202671338564
公館,2026-04-23,28965,30094.952515330715
公館,2026-04-24,33605,31596.63489484788
公館,2026-04-25,28282,27756.84316947792
公館,2026-04-26,26199,24583.28036865825
公館,2026-04-27,26469,26902.51287441643
公館,2026-04-28,28454,28287.956671968997
公館,2026-04-29,29617,29084.94019477125
公館,2026-04-30,33137,30067.2947555515
公館,2026-05-01,24402,25960.69309964226
公館,2026-05-02,22888,27530.21083069712
公館,2026-05-03,19579,22135.248550299177
公館,2026-05-04,26780,23210.201469221745
公館,2026-05-05,28293,28721.563927109382
公館,2026-05-06,29632,29156.51964760145
公館,2026-05-07,29327,31102.85440513419
公館,2026-05-08,33202,31971.87224403958
公館,2026-05-09,26527,26180.652886943448
公館,2026-05-10,19348,23321.46672124698
公館,2026-05-11,26167,24162.587873596127
公館,2026-05-12,28347,28250.29046215087
公館,2026-05-13,28626,29374.18348531448
公館,2026-05-14,28498,29981.700867064497
公館,2026-05-15,33568,31932.610469556374
公館,2026-05-16,28891,26459.98130282124
公館,2026-05-17,24565,23252.427846083337
公館,2026-05-18,26278,27737.890296239097
公館,2026-05-19,28413,28173.172370722783
公館,2026-05-20,29325,29171.223198161464
公館,2026-05-21,29490,29842.73718541856
公館,2026-05-22,32791,33036.482454110665
公館,2026-05-23,30339,26821.368347970885
公館,2026-05-24,23410,24476.97825108724
公館,2026-05-25,26158,26577.04905825925
公館,2026-05-26,28101,28229.006390929888
公館,2026-05-27,29016,29038.89519027701
公館,2026-05-28,29158,29539.553042500767
公館,2026-05-29,32325,32800.50134606593
公館,2026-05-30,31705,27794.037370668542
公館,2026-05-31,23842,24916.757021227542
六張犁,2026-01-01,7117,6806.714512399028
六張犁,2026-01-02,11552,12392.080732465269
六張犁,2026-01-03,7624,7927.483279212202
六張犁,2026-01-04,6256,6200.173201090617
六張犁,2026-01-05,11426,11213.430098932997
六張犁,2026-01-06,11729,11802.81606129384
六張犁,2026-01-07,11680,11833.242147837433
六張犁,2026-01-08,11863,11828.210143325754
六張犁,2026-01-09,12393,12197.742379805108
六張犁,2026-01-10,8456,8202.672391481196
六張犁,2026-01-11,6581,6565.88765048511
六張犁,2026-01-12,11156,11392.90595398461
六張犁,2026-01-13,11839,11713.81745881816
六張犁,2026-01-14,11828,11858.698997008638
六張犁,2026-01-15,11840,11881.456598021412
六張犁,2026-01-16,12888,12253.25055892816
六張犁,2026-01-17,8817,8431.578211486576
六張犁,2026-01-18,7118,6731.531504352092
六張犁,2026-01-19,11633,11586.56608993146
六張犁,2026-01-20,11978,11947.29875008741
六張犁,2026-01-21,12014,11947.855688617146
六張犁,2026-01-22,12110,11958.902236515618
六張犁,2026-01-23,12687,12434.755332131932
六張犁,2026-01-24,7946,8407.529668239273
六張犁,2026-01-25,6827,6434.622273193821
六張犁,2026-01-26,10839,11437.497985656251
六張犁,2026-01-27,11374,11619.197700141036
六張犁,2026-01-28,11468,11676.866838996788
六張犁,2026-01-29,11577,11726.887296338004
六張犁,2026-01-30,12173,12197.588396021134
六張犁,2026-01-31,8053,8107.483547722478
六張犁,2026-02-01,6572,6469.135076562668
六張犁,2026-02-02,11097,11272.025965199991
六張犁,2026-02-03,11572,11673.241250252097
六張犁,2026-02-04,11734,11738.78506523542
六張犁,2026-02-05,11736,11818.836921864327
六張犁,2026-02-06,12181,12262.182097744246
六張犁,2026-02-07,8532,8133.401306302058
六張犁,2026-02-08,6677,6649.515482774411
六張犁,2026-02-09,11023,11343.354603232876
六張犁,2026-02-10,11741,11653.491502188212
六張犁,2026-02-11,11429,11807.655305401238
六張犁,2026-02-12,11626,11708.491756558586
六張犁,2026-02-13,10834,12195.238893327352
六張犁,2026-02-14,6749,7660.5098469617
六張犁,2026-02-15,5256,5890.062133632567
六張犁,2026-02-16,4024,3758.009841094959
六張犁,2026-02-17,4296,4628.959726699347
六張犁,2026-02-18,4643,4636.797092007216
六張犁,2026-02-19,5155,4810.762504729883
六張犁,2026-02-20,5322,7185.878998745814
六張犁,2026-02-21,6069,7381.140835195808
六張犁,2026-02-22,5597,5533.646009058958
六張犁,2026-02-23,10711,10786.536011525432
六張犁,2026-02-24,11414,11420.18708138356
六張犁,2026-02-25,11994,11624.33196905594
六張犁,2026-02-26,12277,11935.581888479705
六張犁,2026-02-27,7599,7139.311098018082
六張犁,2026-02-28,7342,8149.326758937416
六張犁,2026-03-01,5992,6184.946060802801
六張犁,2026-03-02,11605,11013.987464850306
六張犁,2026-03-03,11791,11809.746318100177
六張犁,2026-03-04,11981,11868.146263148812
六張犁,2026-03-05,12093,11987.383666572874
六張犁,2026-03-06,12548,12221.46816061055
六張犁,2026-03-07,8356,8071.465225448087
六張犁,2026-03-08,6588,6541.215409147763
六張犁,2026-03-09,11548,11368.525304754114
六張犁,2026-03-10,12072,11830.662791420307
六張犁,2026-03-11,12434,11977.039483185425
六張犁,2026-03-12,12260,12174.887862734318
六張犁,2026-03-13,12752,12336.711456035888
六張犁,2026-03-14,8927,8228.706497035055
六張犁,2026-03-15,6816,6785.023914481994
六張犁,2026-03-16,11388,11488.641611022014
六張犁,2026-03-17,11932,11816.826074688955
六張犁,2026-03-18,12092,11964.266780254144
六張犁,2026-03-19,12052,12040.726546643244
六張犁,2026-03-20,12576,12270.188276105397
六張犁,2026-03-21,8679,8216.074410947516
六張犁,2026-03-22,6878,6680.108084097033
六張犁,2026-03-23,11201,11476.4593535709
六張犁,2026-03-24,11946,11750.698902151056
六張犁,2026-03-25,12244,11955.579067220517
六張犁,2026-03-26,12143,12095.474724439968
六張犁,2026-03-27,12684,12331.768574761529
六張犁,2026-03-28,8819,8289.167840035152
六張犁,2026-03-29,6762,6761.873447277
六張犁,2026-03-30,11581,11413.971962500966
六張犁,2026-03-31,11834,11907.11717737066
六張犁,2026-04-01,11759,11961.505625703683
六張犁,2026-04-02,12106,11912.691815038144
六張犁,2026-04-03,7118,7294.0500569845
六張犁,2026-04-04,6236,8117.093730808728
六張犁,2026-04-05,6115,5739.655241146203
六張犁,2026-04-06,5497,6019.069041726191
六張犁,2026-04-07,11674,11425.606640868504
六張犁,2026-04-08,11978,11794.686059840087
六張犁,2026-04-09,11912,11995.582797211102
六張犁,2026-04-10,12286,12218.27665260666
六張犁,2026-04-11,8353,7928.105553418117
六張犁,2026-04-12,6438,6593.530581812473
六張犁,2026-04-13,11032,11224.037925845703
六張犁,2026-04-14,11657,11689.321854195432
六張犁,2026-04-15,11590,11852.207409878598
六張犁,2026-04-16,11712,11835.689479960502
六張犁,2026-04-17,12199,12134.053398039308
六張犁,2026-04-18,8149,7999.259317569268
六張犁,2026-04-19,6275,6476.538036713441
六張犁,2026-04-20,11084,11146.944935323534
六張犁,2026-04-21,11496,11684.447139872953
六張犁,2026-04-22,11703,11755.8273785302
六張犁,2026-04-23,11763,11858.248231109952
六張犁,2026-04-24,12521,12163.671816608876
六張犁,2026-04-25,8022,8129.2180964749905
六張犁,2026-04-26,6865,6430.185842687045
六張犁,2026-04-27,11314,11367.812851298177
六張犁,2026-04-28,12076,11785.192715251333
六張犁,2026-04-29,11890,11998.722474820052
六張犁,2026-04-30,12623,11960.232756790749
六張犁,2026-05-01,7306,7522.837507290215
六張犁,2026-05-02,7279,8090.440161040192
六張犁,2026-05-03,6057,6201.935599299714
六張犁,2026-05-04,11466,11013.370075910952
六張犁,2026-05-05,12123,11829.09600071937
六張犁,2026-05-06,11949,12007.260969471106
六張犁,2026-05-07,11839,12064.539896631984
六張犁,2026-05-08,12124,12212.637375663364
六張犁,2026-05-09,7909,7879.259399390691
六張犁,2026-05-10,6060,6389.680839729524
六張犁,2026-05-11,11212,11102.019260683568
六張犁,2026-05-12,11709,11760.486991201284
六張犁,2026-05-13,11987,11833.526749936344
六張犁,2026-05-14,11807,12001.76697461508
六張犁,2026-05-15,12323,12196.283238126787
六張犁,2026-05-16,8775,7987.350934845387
六張犁,2026-05-17,6949,6697.595302817047
六張犁,2026-05-18,11122,11487.612007090054
六張犁,2026-05-19,11342,11768.876202237856
六張犁,2026-05-20,11722,11717.865338750553
六張犁,2026-05-21,11741,11865.620551336093
六張犁,2026-05-22,12000,12170.56038301748
六張犁,2026-05-23,8285,7947.395303365035
六張犁,2026-05-24,6445,6532.753394797014
六張犁,2026-05-25,10888,11217.84457073344
六張犁,2026-05-26,11275,11598.559660806832
六張犁,2026-05-27,11588,11668.08498804906
六張犁,2026-05-28,11307,11801.48430763861
六張犁,2026-05-29,11956,11972.66244576618
六張犁,2026-05-30,7900,7912.020248572181
六張犁,2026-05-31,6214,6360.689737719037
劍南路,2026-01-01,10421,9511.003719224858
劍南路,2026-01-02,11668,13755.408663617924
劍南路,2026-01-03,10260,10813.30241893529
劍南路,2026-01-04,8929,9319.343442549283
劍南路,2026-01-05,11041,10540.219661241032
劍南路,2026-01-06,11741,11628.633911376248
劍南路,2026-01-07,11255,11855.005772257062
劍南路,2026-01-08,11589,12014.44032382627
劍南路,2026-01-09,13669,12585.537661357252
劍南路,2026-01-10,12312,11806.50422353185
劍南路,2026-01-11,8850,10196.14862554924
劍南路,2026-01-12,11039,10522.739730600517
劍南路,2026-01-13,12063,11592.566450540122
劍南路,2026-01-14,11986,11929.534615521508
劍南路,2026-01-15,13064,12215.71708260306
劍南路,2026-01-16,13782,13760.754166995168
劍南路,2026-01-17,11969,12003.319431189237
劍南路,2026-01-18,9004,9795.913979866824
劍南路,2026-01-19,11491,10645.701307382653
劍南路,2026-01-20,12638,11895.0182395473
劍南路,2026-01-21,12092,12296.16051832729
劍南路,2026-01-22,12892,12451.079989437463
劍南路,2026-01-23,14550,13593.7790110269
劍南路,2026-01-24,11791,12356.262555772011
劍南路,2026-01-25,9789,9686.011639021432
劍南路,2026-01-26,11928,11154.1801362856
劍南路,2026-01-27,12126,12203.465153747304
劍南路,2026-01-28,12454,11989.891072413444
劍南路,2026-01-29,12939,12645.700197484546
劍南路,2026-01-30,14431,13778.405604956808
劍南路,2026-01-31,13205,12188.566938130049
劍南路,2026-02-01,10009,10536.46085401476
劍南路,2026-02-02,11816,11308.05762269414
劍南路,2026-02-03,13353,12050.5690735045
劍南路,2026-02-04,13292,12735.49347484543
劍南路,2026-02-05,12641,13072.141021076375
劍南路,2026-02-06,14942,13640.22500184516
劍南路,2026-02-07,11329,12699.090066876048
劍南路,2026-02-08,9502,9458.826632200718
劍南路,2026-02-09,11784,11067.59195385365
劍南路,2026-02-10,13075,12275.064717113217
劍南路,2026-02-11,12921,12649.812761502692
劍南路,2026-02-12,12930,12767.30212896744
劍南路,2026-02-13,12163,13957.365146615322
劍南路,2026-02-14,8557,10904.45510470708
劍南路,2026-02-15,6848,8099.641627555331
劍南路,2026-02-16,5185,4921.870718890161
劍南路,2026-02-17,7101,6552.0693505791205
劍南路,2026-02-18,7277,7215.380707795204
劍南路,2026-02-19,8337,7577.087968308406
劍南路,2026-02-20,8522,10779.065578306248
劍南路,2026-02-21,8811,10187.035599639856
劍南路,2026-02-22,8027,8011.755144038107
劍南路,2026-02-23,11138,10363.427071167962
劍南路,2026-02-24,11811,11977.22088502528
劍南路,2026-02-25,11285,11964.4897219492
劍南路,2026-02-26,12714,12122.063523235003
劍南路,2026-02-27,9289,10281.478880438108
劍南路,2026-02-28,10493,10583.45525795107
劍南路,2026-03-01,8509,9006.6923029088
劍南路,2026-03-02,11404,10706.25647528548
劍南路,2026-03-03,11661,12016.213447019196
劍南路,2026-03-04,11643,11749.380967420828
劍南路,2026-03-05,12019,12342.666468938396
劍南路,2026-03-06,13318,12832.83767389793
劍南路,2026-03-07,10890,11347.314352268842
劍南路,2026-03-08,8851,9124.799591596062
劍南路,2026-03-09,10989,10928.803636818258
劍南路,2026-03-10,11793,11740.326028942773
劍南路,2026-03-11,12431,11867.846570483229
劍南路,2026-03-12,12226,12625.562105605644
劍南路,2026-03-13,13687,13148.487226267864
劍南路,2026-03-14,12155,11482.551244005212
劍南路,2026-03-15,10624,9780.722181350882
劍南路,2026-03-16,11145,11774.179163306462
劍南路,2026-03-17,11680,11851.13063531091
劍南路,2026-03-18,11980,11929.29534880831
劍南路,2026-03-19,11936,12342.06915453704
劍南路,2026-03-20,14046,13067.759725819731
劍南路,2026-03-21,16629,11843.623822074176
劍南路,2026-03-22,10032,12295.836270192967
劍南路,2026-03-23,11314,11294.508269488926
劍南路,2026-03-24,11966,11913.057068785722
劍南路,2026-03-25,11787,12032.975178978895
劍南路,2026-03-26,12287,12206.500651395538
劍南路,2026-03-27,13059,13375.072096421756
劍南路,2026-03-28,12529,12143.044209509815
劍南路,2026-03-29,9649,9675.168329273924
劍南路,2026-03-30,11697,11195.509780834816
劍南路,2026-03-31,12021,12141.80694666528
劍南路,2026-04-01,11115,12001.694778330731
劍南路,2026-04-02,12087,11915.506257664214
劍南路,2026-04-03,8694,10258.039602866567
劍南路,2026-04-04,8750,10954.535087781089
劍南路,2026-04-05,8433,7927.47559130945
劍南路,2026-04-06,7561,7834.883965588046
劍南路,2026-04-07,10669,11461.307038328629
劍南路,2026-04-08,11216,11168.970534984212
劍南路,2026-04-09,11584,12009.156163758058
劍南路,2026-04-10,12973,12585.267683748529
劍南路,2026-04-11,14977,11200.37565100499
劍南路,2026-04-12,9559,11279.503477576458
劍南路,2026-04-13,11201,11124.7980876576
劍南路,2026-04-14,11197,11725.51645378704
劍南路,2026-04-15,11384,11535.321618752869
劍南路,2026-04-16,11778,11996.984707640246
劍南路,2026-04-17,12419,12911.408635228436
劍南路,2026-04-18,11392,11806.685111695975
劍南路,2026-04-19,10706,9055.27111373866
劍南路,2026-04-20,10530,11789.933862755895
劍南路,2026-04-21,11184,11347.0353495976
劍南路,2026-04-22,11376,11513.257170549115
劍南路,2026-04-23,11362,11992.291280379592
劍南路,2026-04-24,12827,12585.16109661752
劍南路,2026-04-25,10972,11601.619997276615
劍南路,2026-04-26,10224,9298.18875547032
劍南路,2026-04-27,10856,11306.85080987804
劍南路,2026-04-28,11405,11552.577933134551
劍南路,2026-04-29,11233,11615.76408167115
劍南路,2026-04-30,12745,11826.519978450466
劍南路,2026-05-01,9871,10538.894258140066
劍南路,2026-05-02,10351,11421.962590241994
劍南路,2026-05-03,9066,9003.255772623528
劍南路,2026-05-04,10605,10749.35798801856
劍南路,2026-05-05,11215,11428.520006756611
劍南路,2026-05-06,11689,11464.03981410983
劍南路,2026-05-07,11808,12299.007252551231
劍南路,2026-05-08,12836,12764.343677870136
劍南路,2026-05-09,10609,11351.418407495725
劍南路,2026-05-10,8648,9040.310002684802
劍南路,2026-05-11,10577,10561.687962319618
劍南路,2026-05-12,10895,11395.901718883288
劍南路,2026-05-13,11216,11378.06237082357
劍南路,2026-05-14,11580,11883.299844442734
劍南路,2026-05-15,12977,12726.187237139664
劍南路,2026-05-16,11789,11403.126140580796
劍南路,2026-05-17,9966,9562.82437054893
劍南路,2026-05-18,11077,11261.67896450094
劍南路,2026-05-19,11212,11575.78686672698
劍南路,2026-05-20,11506,11491.858617312171
劍南路,2026-05-21,11032,12014.242358984344
劍南路,2026-05-22,12655,12484.610333972296
劍南路,2026-05-23,10957,11397.308872016763
劍南路,2026-05-24,9794,9242.21418712484
劍南路,2026-05-25,10484,11146.78844758118
劍南路,2026-05-26,11274,11253.416968258833
劍南路,2026-05-27,11335,11545.92586779542
劍南路,2026-05-28,11549,11778.780668034413
劍南路,2026-05-29,12164,12762.267815355755
劍南路,2026-05-30,11709,11028.601086652749
劍南路,2026-05-31,8964,9704.53236818073
劍潭,2026-01-01,22716,22339.903039112254
劍潭,2026-01-02,29085,30562.522541812068
劍潭,2026-01-03,28528,27774.60539387904
劍潭,2026-01-04,24217,24175.319692720743
劍潭,2026-01-05,24388,26923.486816105906
劍潭,2026-01-06,25650,27521.72391653948
劍潭,2026-01-07,25799,26580.65107097005
劍潭,2026-01-08,26451,26122.274080419484
劍潭,2026-01-09,28752,30181.09956632496
劍潭,2026-01-10,28314,27870.049812138022
劍潭,2026-01-11,23326,24044.704671324485
劍潭,2026-01-12,23401,25565.5713111929
劍潭,2026-01-13,24818,26347.25397024844
劍潭,2026-01-14,25816,26020.549938660988
劍潭,2026-01-15,25154,26205.412173141653
劍潭,2026-01-16,29712,29065.3715358292
劍潭,2026-01-17,30652,28496.82907520185
劍潭,2026-01-18,25736,25192.67815177606
劍潭,2026-01-19,23370,26446.302772244795
劍潭,2026-01-20,25408,26001.0025844936
劍潭,2026-01-21,23743,26333.88150832959
劍潭,2026-01-22,23029,24712.303173694032
劍潭,2026-01-23,26760,28037.426869696785
劍潭,2026-01-24,27208,27370.171446462155
劍潭,2026-01-25,26044,23328.610947372486
劍潭,2026-01-26,24103,25704.656585544803
劍潭,2026-01-27,23756,26303.23387748838
劍潭,2026-01-28,25345,24651.716585282506
劍潭,2026-01-29,27079,25128.91490755132
劍潭,2026-01-30,28282,30000.01655391031
劍潭,2026-01-31,24864,28223.666817542755
劍潭,2026-02-01,19899,22809.87600552864
劍潭,2026-02-02,22763,21762.43325131581
劍潭,2026-02-03,25517,24654.96548505504
劍潭,2026-02-04,26558,25910.516492842184
劍潭,2026-02-05,26611,26495.962162410306
劍潭,2026-02-06,27218,29299.08793250149
劍潭,2026-02-07,24772,26617.51592030705
劍潭,2026-02-08,21197,21784.0821974669
劍潭,2026-02-09,22997,22854.462437150683
劍潭,2026-02-10,25317,25159.11430134518
劍潭,2026-02-11,23818,25974.770425345483
劍潭,2026-02-12,24779,24894.29384218921
劍潭,2026-02-13,25274,27628.33785912336
劍潭,2026-02-14,22008,25023.66338809532
劍潭,2026-02-15,18604,20069.874093902945
劍潭,2026-02-16,11992,17496.278897780758
劍潭,2026-02-17,19944,17181.286456209316
劍潭,2026-02-18,22722,20431.409768972066
劍潭,2026-02-19,27419,22550.36437357155
劍潭,2026-02-20,26001,27153.59486757331
劍潭,2026-02-21,26430,26850.436975092613
劍潭,2026-02-22,21092,22308.467217784582
劍潭,2026-02-23,23677,21223.768897978425
劍潭,2026-02-24,26418,26376.550059284848
劍潭,2026-02-25,26874,26709.15708755449
劍潭,2026-02-26,31695,28067.964845828355
劍潭,2026-02-27,26418,27170.82525379868
劍潭,2026-02-28,28596,27079.593038986248
劍潭,2026-03-01,21766,23251.22856327035
劍潭,2026-03-02,26434,22565.954756164545
劍潭,2026-03-03,26762,27895.663752348115
劍潭,2026-03-04,27500,26951.11833365429
劍潭,2026-03-05,29033,29345.253881092463
劍潭,2026-03-06,34245,29097.12096232912
劍潭,2026-03-07,34003,29892.284353644223
劍潭,2026-03-08,28941,26054.185473695863
劍潭,2026-03-09,26335,27878.669379398078
劍潭,2026-03-10,27591,27681.71399001948
劍潭,2026-03-11,30564,27584.060746915507
劍潭,2026-03-12,30384,30902.310950413837
劍潭,2026-03-13,32678,31488.456163567767
劍潭,2026-03-14,32295,30191.69381107967
劍潭,2026-03-15,27240,25939.18017336233
劍潭,2026-03-16,27737,26276.11490129901
劍潭,2026-03-17,29953,28451.48297938747
劍潭,2026-03-18,30402,29827.914977654997
劍潭,2026-03-19,29762,30720.727842870896
劍潭,2026-03-20,32918,31312.774406967183
劍潭,2026-03-21,32268,30795.308794446268
劍潭,2026-03-22,26276,26219.171534925383
劍潭,2026-03-23,27452,26198.02481940362
劍潭,2026-03-24,28909,28711.079759535027
劍潭,2026-03-25,29560,29292.008824204877
劍潭,2026-03-26,29952,29947.61470499281
劍潭,2026-03-27,32043,31825.229612171523
劍潭,2026-03-28,30190,30655.628730761517
劍潭,2026-03-29,24896,24977.23968222648
劍潭,2026-03-30,27320,25678.692410838103
劍潭,2026-03-31,28641,28608.4787355411
劍潭,2026-04-01,26681,29189.093954913293
劍潭,2026-04-02,28053,28325.36622437276
劍潭,2026-04-03,25787,27060.582348054108
劍潭,2026-04-04,24610,28904.3507726881
劍潭,2026-04-05,26087,21686.145278753465
劍潭,2026-04-06,17550,23045.58494905314
劍潭,2026-04-07,22283,25106.988267333185
劍潭,2026-04-08,25872,24649.327094756136
劍潭,2026-04-09,28671,27620.746406663107
劍潭,2026-04-10,31422,30618.3882598676
劍潭,2026-04-11,29285,28824.6625255626
劍潭,2026-04-12,23902,25711.53579157646
劍潭,2026-04-13,26298,23852.972202315457
劍潭,2026-04-14,27747,27166.06200411781
劍潭,2026-04-15,27544,28344.707468523
劍潭,2026-04-16,27587,29035.89641392391
劍潭,2026-04-17,30006,30322.35166817411
劍潭,2026-04-18,27105,28266.220503120872
劍潭,2026-04-19,24910,23750.04019042226
劍潭,2026-04-20,25943,25272.80769886179
劍潭,2026-04-21,28468,27248.801033743188
劍潭,2026-04-22,28998,28477.962144368663
劍潭,2026-04-23,27693,29425.666741525143
劍潭,2026-04-24,29686,30301.91849128073
劍潭,2026-04-25,27880,27736.876319513955
劍潭,2026-04-26,26833,24580.3459340576
劍潭,2026-04-27,26506,26518.09839214354
劍潭,2026-04-28,28801,27963.23929814536
劍潭,2026-04-29,28266,28862.22018719488
劍潭,2026-04-30,30703,28551.447612626715
劍潭,2026-05-01,29649,28221.38486984282
劍潭,2026-05-02,30112,29939.389542946505
劍潭,2026-05-03,24191,26576.914737152
劍潭,2026-05-04,25713,25034.49145268231
劍潭,2026-05-05,26478,27652.43174137812
劍潭,2026-05-06,29636,27318.10511298317
劍潭,2026-05-07,28946,29970.40923682473
劍潭,2026-05-08,30852,31301.95775792167
劍潭,2026-05-09,26229,28563.81734360124
劍潭,2026-05-10,21890,23514.01504345681
劍潭,2026-05-11,25583,23817.45381402172
劍潭,2026-05-12,28200,27142.301301144475
劍潭,2026-05-13,26419,28999.552950628204
劍潭,2026-05-14,27638,27800.33302352532
劍潭,2026-05-15,32211,30297.23390682958
劍潭,2026-05-16,33178,28614.02688378844
劍潭,2026-05-17,28337,27123.25152878548
劍潭,2026-05-18,25119,28179.3099884777
劍潭,2026-05-19,27505,27390.54982508807
劍潭,2026-05-20,27794,27762.53615369352
劍潭,2026-05-21,27748,28553.4321005402
劍潭,2026-05-22,31512,30969.008593192342
劍潭,2026-05-23,34233,29637.16033236344
劍潭,2026-05-24,29027,28124.588229614004
劍潭,2026-05-25,25674,27640.14228213609
劍潭,2026-05-26,27330,27727.101381484325
劍潭,2026-05-27,27320,27767.26973500431
劍潭,2026-05-28,27727,28048.0135519517
劍潭,2026-05-29,30047,31042.639383985104
劍潭,2026-05-30,29739,30002.82033596532
劍潭,2026-05-31,24650,25742.73105936856
動物園,2026-01-01,6079,7543.742940895263
動物園,2026-01-02,6004,4940.975233054001
動物園,2026-01-03,8022,7437.28857313956
動物園,2026-01-04,8453,6896.80385624202
動物園,2026-01-05,4833,5977.905976818666
動物園,2026-01-06,5145,5935.420685678673
動物園,2026-01-07,5302,4804.543264038968
動物園,2026-01-08,5067,5349.19459181502
動物園,2026-01-09,5881,6169.660856144207
動物園,2026-01-10,7383,7553.333900331103
動物園,2026-01-11,6874,6696.038224258451
動物園,2026-01-12,4262,4895.488438034568
動物園,2026-01-13,6473,5532.681484843132
動物園,2026-01-14,6094,6015.692922347342
動物園,2026-01-15,6474,5891.902815591632
動物園,2026-01-16,6658,6665.841893209393
動物園,2026-01-17,8116,7842.24256466363
動物園,2026-01-18,7600,6895.076190157388
動物園,2026-01-19,4861,5263.208662250644
動物園,2026-01-20,5114,6032.500989023694
動物園,2026-01-21,5022,5296.316459247051
動物園,2026-01-22,5175,5533.558901332685
動物園,2026-01-23,6108,6036.580863474858
動物園,2026-01-24,5584,7658.912326376198
動物園,2026-01-25,7811,5653.182084194028
動物園,2026-01-26,5834,5499.150161674371
動物園,2026-01-27,5886,6298.593250375792
動物園,2026-01-28,5638,5612.2852041629385
動物園,2026-01-29,7310,5718.90480916449
動物園,2026-01-30,7792,7139.520277494468
動物園,2026-01-31,5480,8123.14748147833
動物園,2026-02-01,4246,5768.059746786142
動物園,2026-02-02,4447,3751.418199212648
動物園,2026-02-03,6558,5748.104844136981
動物園,2026-02-04,6978,6040.356921091466
動物園,2026-02-05,8014,6648.995552573791
動物園,2026-02-06,6447,7541.424874233846
動物園,2026-02-07,5266,7234.569675310799
動物園,2026-02-08,5093,5249.513722913989
動物園,2026-02-09,5025,4268.858247369538
動物園,2026-02-10,7163,6187.555629809574
動物園,2026-02-11,6849,6471.682721458945
動物園,2026-02-12,6338,6588.61463768563
動物園,2026-02-13,6161,6444.467577218234
動物園,2026-02-14,7463,7181.395897098109
動物園,2026-02-15,7978,6512.59568133575
動物園,2026-02-16,1880,12101.210857003747
動物園,2026-02-17,10845,7553.744354483459
動物園,2026-02-18,12876,11800.058319798056
動物園,2026-02-19,17723,12662.495318128373
動物園,2026-02-20,13800,13243.642141888544
動物園,2026-02-21,11951,9106.526531300497
動物園,2026-02-22,7611,8971.312634365848
動物園,2026-02-23,5210,3776.302061274291
動物園,2026-02-24,6554,6624.104155622696
動物園,2026-02-25,5972,6208.87133832273
動物園,2026-02-26,7756,6690.363164019649
動物園,2026-02-27,11581,11527.212707843157
動物園,2026-02-28,9356,8507.239693524298
動物園,2026-03-01,5926,7346.297332118929
動物園,2026-03-02,4937,4297.363269129048
動物園,2026-03-03,7554,6162.622847261566
動物園,2026-03-04,5530,6579.482839256195
動物園,2026-03-05,6225,6027.1355870739735
動物園,2026-03-06,6518,6587.158660731964
動物園,2026-03-07,7781,7890.411376889884
動物園,2026-03-08,7276,6480.502610840557
動物園,2026-03-09,4795,5138.919296486581
動物園,2026-03-10,5456,6190.989778827905
動物園,2026-03-11,7603,5353.851173049797
動物園,2026-03-12,7645,7037.838116159469
動物園,2026-03-13,7514,7213.592995059081
動物園,2026-03-14,11631,8212.67132421651
動物園,2026-03-15,10339,8736.322868663436
動物園,2026-03-16,5815,6460.760539541535
動物園,2026-03-17,7620,6348.133456088718
動物園,2026-03-18,7612,6890.053569324193
動物園,2026-03-19,7307,7000.00843966217
動物園,2026-03-20,8503,7093.0757334097925
動物園,2026-03-21,10762,9232.39125197484
動物園,2026-03-22,11163,8409.361505586246
動物園,2026-03-23,5566,6863.840892617847
動物園,2026-03-24,7517,6425.603767357532
動物園,2026-03-25,7238,6725.583198676492
動物園,2026-03-26,7354,6781.427277894047
動物園,2026-03-27,6640,7305.204846719465
動物園,2026-03-28,10298,8109.601613469711
動物園,2026-03-29,10390,8461.526059449618
動物園,2026-03-30,5757,6358.937964708187
動物園,2026-03-31,7371,6584.121639664947
動物園,2026-04-01,6483,6606.668892801208
動物園,2026-04-02,7418,6435.268434075319
動物園,2026-04-03,9777,11232.52353696786
動物園,2026-04-04,7192,7699.106399132072
動物園,2026-04-05,11553,6841.288542767594
動物園,2026-04-06,5666,11267.70669536162
動物園,2026-04-07,5036,4312.501512144594
動物園,2026-04-08,6102,5478.675493358721
動物園,2026-04-09,7271,6393.4198070473885
動物園,2026-04-10,7484,6890.006019086507
動物園,2026-04-11,8897,8318.68053466456
動物園,2026-04-12,8073,8089.454273743785
動物園,2026-04-13,5110,4545.047784286082
動物園,2026-04-14,6375,6319.365989712542
動物園,2026-04-15,6168,6114.863459124821
動物園,2026-04-16,6081,6397.951652224429
動物園,2026-04-17,7212,6519.856634033161
動物園,2026-04-18,7420,8330.751501560171
動物園,2026-04-19,8551,6783.87695284656
動物園,2026-04-20,5019,5551.513203097354
動物園,2026-04-21,6262,6164.736082838536
動物園,2026-04-22,5830,6002.525429157476
動物園,2026-04-23,5536,6070.695445099725
動物園,2026-04-24,5607,6305.934878243908
動物園,2026-04-25,6382,7323.265605647668
動物園,2026-04-26,9124,6496.064506372317
動物園,2026-04-27,5455,5827.332853582057
動物園,2026-04-28,7322,6362.34840022966
動物園,2026-04-29,6166,6500.4099124125605
動物園,2026-04-30,6516,6146.794146367954
動物園,2026-05-01,11983,10741.33877515927
動物園,2026-05-02,11148,8416.945082873546
動物園,2026-05-03,6939,9073.77455316822
動物園,2026-05-04,4972,4505.676004598263
動物園,2026-05-05,5324,6340.817817290813
動物園,2026-05-06,6286,5438.415706982059
動物園,2026-05-07,7012,6403.954259935191
動物園,2026-05-08,6122,7117.747397495304
動物園,2026-05-09,5835,7996.420275006962
動物園,2026-05-10,5868,5757.60810350053
動物園,2026-05-11,4989,4273.917549264967
動物園,2026-05-12,6754,6124.339161309146
動物園,2026-05-13,5720,6342.379342627375
動物園,2026-05-14,5115,6106.378566322039
動物園,2026-05-15,6594,5886.053385696001
動物園,2026-05-16,8782,7724.175979665687
動物園,2026-05-17,7926,7476.811005898977
動物園,2026-05-18,5123,5287.9546001042
動物園,2026-05-19,6731,6307.1167789615965
動物園,2026-05-20,6028,6153.906685286428
動物園,2026-05-21,5833,6054.555949886518
動物園,2026-05-22,6705,6442.036623421152
動物園,2026-05-23,8165,8104.9247150366045
動物園,2026-05-24,6680,7230.062153538565
動物園,2026-05-25,5420,4556.836975350303
動物園,2026-05-26,6461,6516.546538180868
動物園,2026-05-27,5951,6035.144285092302
動物園,2026-05-28,6170,6092.848257905572
動物園,2026-05-29,5998,6593.184724933431
動物園,2026-05-30,8348,7641.736769060372
動物園,2026-05-31,6461,7228.84789496345
北投,2026-01-01,13531,14183.320635881082
北投,2026-01-02,19688,20633.01374970359
北投,2026-01-03,18048,16533.092905026202
北投,2026-01-04,15359,14856.94238558702
北投,2026-01-05,18208,18541.300790349374
北投,2026-01-06,18888,19144.52386708247
北投,2026-01-07,18972,19479.34635665636
北投,2026-01-08,18933,18964.586764862517
北投,2026-01-09,21218,20661.25560317553
北投,2026-01-10,18606,17683.890884273384
北投,2026-01-11,14983,15311.92959240079
北投,2026-01-12,17691,18282.382997645826
北投,2026-01-13,18793,18791.21125175439
北投,2026-01-14,19179,19344.786566723127
北投,2026-01-15,19253,19078.40203399125
北投,2026-01-16,21174,20976.54748227957
北投,2026-01-17,17781,17811.915656115096
北投,2026-01-18,14879,14804.08755801994
北投,2026-01-19,17585,18071.49237723391
北投,2026-01-20,18964,18731.148069025323
北投,2026-01-21,18218,19411.63109471572
北投,2026-01-22,18064,18626.152413447613
北投,2026-01-23,21160,20321.679621141124
北投,2026-01-24,17052,17683.330598559147
北投,2026-01-25,15791,14439.842875105332
北投,2026-01-26,17752,18422.202493763376
北投,2026-01-27,17976,18914.79870491299
北投,2026-01-28,17967,18694.85402409306
北投,2026-01-29,18648,18321.929767797297
北投,2026-01-30,20023,20753.854477415643
北投,2026-01-31,16891,17007.915950136878
北投,2026-02-01,13433,14544.75681216248
北投,2026-02-02,16588,17071.015112576504
北投,2026-02-03,18373,17971.836787552875
北投,2026-02-04,18735,18706.96513632508
北投,2026-02-05,18156,18813.95269929273
北投,2026-02-06,20214,20382.33306035044
北投,2026-02-07,16554,17079.835061265672
北投,2026-02-08,14106,14122.333963740064
北投,2026-02-09,17107,17329.091147089857
北投,2026-02-10,18406,18388.16231573399
北投,2026-02-11,17786,18792.911036459955
北投,2026-02-12,18404,18193.55805953059
北投,2026-02-13,18716,20441.433127504908
北投,2026-02-14,15270,16216.709387620638
北投,2026-02-15,12420,13394.26739341197
北投,2026-02-16,8447,9232.31244901286
北投,2026-02-17,11176,10350.679860725715
北投,2026-02-18,12391,11316.707572699212
北投,2026-02-19,14367,12013.4504163911
北投,2026-02-20,14664,16831.213248913173
北投,2026-02-21,16169,16742.77140497959
北投,2026-02-22,14317,13760.23883918337
北投,2026-02-23,18383,17244.254637502258
北投,2026-02-24,19712,19207.59860406809
北投,2026-02-25,19396,19597.737938366696
北投,2026-02-26,21960,19626.763008943104
北投,2026-02-27,17502,16733.760978479982
北投,2026-02-28,16940,18166.015053831627
北投,2026-03-01,13626,14483.19944621764
北投,2026-03-02,18676,17202.63094799785
北投,2026-03-03,18413,19393.648027849133
北投,2026-03-04,19113,18867.225509350028
北投,2026-03-05,19594,19768.730861189157
北投,2026-03-06,21759,20681.584310540893
北投,2026-03-07,18428,17421.89463738238
北投,2026-03-08,15747,15007.22664709838
北投,2026-03-09,18363,18633.74674254704
北投,2026-03-10,18454,19172.549047803637
北投,2026-03-11,20941,18938.78614284355
北投,2026-03-12,20376,20604.809906831066
北投,2026-03-13,22468,21387.721607694904
北投,2026-03-14,19535,18086.84197666043
北投,2026-03-15,15750,15802.54318066471
北投,2026-03-16,18993,18611.230341184757
北投,2026-03-17,20034,19402.15717416021
北投,2026-03-18,20714,20173.816063335995
北投,2026-03-19,19802,20552.0536454405
北投,2026-03-20,21976,21259.929783764404
北投,2026-03-21,19005,18041.371755755245
北投,2026-03-22,15637,15459.06273839033
北投,2026-03-23,18352,18594.355062435545
北投,2026-03-24,19734,19204.03916524056
北投,2026-03-25,20007,20013.84580566172
北投,2026-03-26,20103,20025.56530581155
北投,2026-03-27,20625,21467.980573471217
北投,2026-03-28,17793,17491.206216106915
北投,2026-03-29,14752,14781.747401962371
北投,2026-03-30,18778,17989.683835897613
北投,2026-03-31,20069,19439.046070483862
北投,2026-04-01,18611,20184.598721208247
北投,2026-04-02,21172,19366.16623838005
北投,2026-04-03,13780,16768.12951165787
北投,2026-04-04,13401,16608.08818018465
北投,2026-04-05,13612,12384.41904810532
北投,2026-04-06,11949,12282.601660678116
北投,2026-04-07,17323,18475.517609470848
北投,2026-04-08,19094,18329.44786347367
北投,2026-04-09,19824,19768.77096019495
北投,2026-04-10,21609,20512.559144582978
北投,2026-04-11,18286,17372.170672829718
北投,2026-04-12,14908,15320.7760493233
北投,2026-04-13,18455,18178.349497548887
北投,2026-04-14,19098,19147.15246006308
北投,2026-04-15,19310,19558.887249839197
北投,2026-04-16,19119,19959.52131021233
北投,2026-04-17,21123,20485.59932474139
北投,2026-04-18,17573,17358.327756124952
北投,2026-04-19,14585,14796.407694077488
北投,2026-04-20,18165,18023.932786762805
北投,2026-04-21,19150,18997.53704451804
北投,2026-04-22,19588,19493.43625499218
北投,2026-04-23,18541,19938.954198810163
北投,2026-04-24,19692,20294.4410130496
北投,2026-04-25,16341,16598.220570391848
北投,2026-04-26,16403,14034.21902926736
北投,2026-04-27,18807,18893.003325795984
北投,2026-04-28,19380,19467.18992971725
北投,2026-04-29,19595,19691.799074958235
北投,2026-04-30,20547,19723.52216552792
北投,2026-05-01,16753,16217.877248363402
北投,2026-05-02,17174,17726.568244107864
北投,2026-05-03,13880,15072.757626627124
北投,2026-05-04,18393,17636.648663800133
北投,2026-05-05,17897,19078.88945292104
北投,2026-05-06,19971,18857.416091508687
北投,2026-05-07,19693,20022.23336259548
北投,2026-05-08,21039,20889.380398540037
北投,2026-05-09,16646,17216.001103323077
北投,2026-05-10,14097,14443.062437216113
北投,2026-05-11,18378,17856.397816022953
北投,2026-05-12,19352,18856.39589125883
北投,2026-05-13,18489,19827.12071735377
北投,2026-05-14,17861,19259.926452511685
北投,2026-05-15,21273,19869.629801186573
北投,2026-05-16,18288,17119.032338430792
北投,2026-05-17,15579,15261.957170735652
北投,2026-05-18,18263,18803.79259886546
北投,2026-05-19,19164,19038.062257565765
北投,2026-05-20,19560,19443.29167967492
北投,2026-05-21,19094,19545.005923069184
北投,2026-05-22,21183,20838.183233998992
北投,2026-05-23,18512,17402.667460914843
北投,2026-05-24,14625,15456.366112351494
北投,2026-05-25,17642,18203.250208208967
北投,2026-05-26,18882,18666.94054372322
北投,2026-05-27,18977,19314.866437464218
北投,2026-05-28,18737,19179.040198446863
北投,2026-05-29,19852,20633.16806756789
北投,2026-05-30,17206,16860.846819415954
北投,2026-05-31,14923,14522.721920432152
北門,2026-01-01,13607,14913.76411691966
北門,2026-01-02,18842,19399.7466086238
北門,2026-01-03,15775,16254.816323704526
北門,2026-01-04,13063,13538.521010731056
北門,2026-01-05,17598,17118.808433622133
北門,2026-01-06,17741,17669.50531076743
北門,2026-01-07,17704,18153.89300139009
北門,2026-01-08,17706,18012.641840710974
北門,2026-01-09,18968,19237.612816992496
北門,2026-01-10,16693,16113.983369673184
北門,2026-01-11,13737,13668.34133743039
北門,2026-01-12,17191,17481.314099697607
北門,2026-01-13,17991,17829.581827525664
北門,2026-01-14,18288,18161.33699625006
北門,2026-01-15,18104,18095.106381838723
北門,2026-01-16,18904,19382.741880587782
北門,2026-01-17,16122,16217.966554357092
北門,2026-01-18,13783,13576.331392997963
北門,2026-01-19,17387,17464.707196360683
北門,2026-01-20,18118,17861.905069512188
北門,2026-01-21,17809,18185.441397086564
北門,2026-01-22,17888,18001.23548158814
北門,2026-01-23,19229,19248.189970080464
北門,2026-01-24,16447,16269.184494061592
北門,2026-01-25,14965,13674.159584709792
北門,2026-01-26,17727,17749.19149056578
北門,2026-01-27,18367,18146.19816531499
北門,2026-01-28,18317,18388.24106556305
北門,2026-01-29,18819,18235.900604377974
北門,2026-01-30,19676,19564.708080371645
北門,2026-01-31,19248,16576.09778095211
北門,2026-02-01,15911,14555.083055351406
北門,2026-02-02,18973,18434.479628440244
北門,2026-02-03,20876,18862.18557244593
北門,2026-02-04,21528,19325.548718691218
北門,2026-02-05,21944,19545.87314531618
北門,2026-02-06,22749,21033.636532386783
北門,2026-02-07,22409,18275.719557821238
北門,2026-02-08,19005,16337.979739298764
北門,2026-02-09,20960,20119.33964267029
北門,2026-02-10,22157,20407.953322047357
北門,2026-02-11,21544,20571.938008768117
北門,2026-02-12,21982,20390.299394735197
北門,2026-02-13,22583,21544.69995315012
北門,2026-02-14,19675,18873.587792210004
北門,2026-02-15,16392,16078.482377796045
北門,2026-02-16,7075,10678.095649980787
北門,2026-02-17,10701,10300.285190294331
北門,2026-02-18,11870,10492.500083940551
北門,2026-02-19,14270,10777.404340093914
北門,2026-02-20,15135,17571.124696434596
北門,2026-02-21,15342,18033.28145854886
北門,2026-02-22,12754,14623.638988722032
北門,2026-02-23,17174,17421.399295566018
北門,2026-02-24,17397,18333.59801656173
北門,2026-02-25,18291,18388.69000756658
北門,2026-02-26,18741,18679.548141764324
北門,2026-02-27,16669,15974.987433254511
北門,2026-02-28,17435,17354.756653469543
北門,2026-03-01,13378,14655.578110804145
北門,2026-03-02,17463,17368.9668511738
北門,2026-03-03,17550,18494.55428391378
北門,2026-03-04,18149,18619.31355688648
北門,2026-03-05,18529,18967.902751930724
北門,2026-03-06,19691,19461.092995732608
北門,2026-03-07,17689,17030.921196244995
北門,2026-03-08,14412,14435.822320426663
北門,2026-03-09,17459,17585.502622431723
北門,2026-03-10,17773,18508.55906747368
北門,2026-03-11,18692,18707.468252025687
北門,2026-03-12,18889,19128.583927728985
北門,2026-03-13,19631,19727.41080463197
北門,2026-03-14,17882,17186.00148067251
北門,2026-03-15,14400,14462.25595837376
北門,2026-03-16,18179,17645.671869780545
北門,2026-03-17,18141,18608.21022813224
北門,2026-03-18,18818,18874.06977563188
北門,2026-03-19,18702,19234.42245258701
北門,2026-03-20,20194,19780.27187731745
北門,2026-03-21,17224,17415.800030798422
北門,2026-03-22,15012,14408.592435809034
北門,2026-03-23,17633,17765.828428548142
北門,2026-03-24,18166,18480.331859176604
北門,2026-03-25,18591,18842.50819186596
北門,2026-03-26,18627,19125.829251635165
北門,2026-03-27,19552,19736.04460491917
北門,2026-03-28,16553,17273.95307812962
北門,2026-03-29,13500,14179.990910132296
北門,2026-03-30,17684,17309.526921934677
北門,2026-03-31,17904,18156.69190344844
北門,2026-04-01,17777,18600.856662051698
北門,2026-04-02,18946,18751.28928262492
北門,2026-04-03,14332,16003.39538324923
北門,2026-04-04,13716,16800.905742142935
北門,2026-04-05,13352,13307.800964274822
北門,2026-04-06,11562,13123.18481189948
北門,2026-04-07,17509,17240.11176581013
北門,2026-04-08,17801,17926.588599506722
北門,2026-04-09,18135,18365.932577664
北門,2026-04-10,19820,19143.446536525295
北門,2026-04-11,16807,16773.35498515055
北門,2026-04-12,13447,14048.109742348286
北門,2026-04-13,17551,17198.239676194895
北門,2026-04-14,17644,18052.937132705443
北門,2026-04-15,17927,18383.53853352544
北門,2026-04-16,17607,18707.49833166304
北門,2026-04-17,18981,19150.14731974703
北門,2026-04-18,15112,16435.27421876383
北門,2026-04-19,14070,13569.347224878376
北門,2026-04-20,17298,16973.572313501045
北門,2026-04-21,17580,17915.432774066398
北門,2026-04-22,17507,18260.47911250637
北門,2026-04-23,17557,18486.11940257465
北門,2026-04-24,19180,19094.49508337864
北門,2026-04-25,15414,16370.325557001312
北門,2026-04-26,14288,13610.005200193034
北門,2026-04-27,17477,17103.414519524882
北門,2026-04-28,17894,17958.69837548592
北門,2026-04-29,17978,18315.333114006386
北門,2026-04-30,19255,18544.56389857789
北門,2026-05-01,15923,15931.15287670049
北門,2026-05-02,15806,16604.173614267627
北門,2026-05-03,12905,13989.42940662001
北門,2026-05-04,18278,17020.603557762475
北門,2026-05-05,17855,18039.70733726692
北門,2026-05-06,18302,18303.98993286374
北門,2026-05-07,18031,18626.124862467062
北門,2026-05-08,18852,19363.27983010844
北門,2026-05-09,14602,16225.764192862547
北門,2026-05-10,12163,13544.701394669992
北門,2026-05-11,17027,16682.590519258003
北門,2026-05-12,17588,17497.22480185485
北門,2026-05-13,17403,17908.111933957243
北門,2026-05-14,17278,18224.70552420583
北門,2026-05-15,20270,18916.63131789892
北門,2026-05-16,17222,16157.873598245931
北門,2026-05-17,14958,14016.827682972962
北門,2026-05-18,17632,17770.24940265285
北門,2026-05-19,17823,18214.03065124286
北門,2026-05-20,18004,18369.9182688374
北門,2026-05-21,18076,18557.441691338587
北門,2026-05-22,19621,19378.94898903144
北門,2026-05-23,17073,16217.924205667025
北門,2026-05-24,13638,14010.43677147978
北門,2026-05-25,17459,17509.732891210235
北門,2026-05-26,17880,18001.268317256865
北門,2026-05-27,18098,18210.28165384181
北門,2026-05-28,18272,18429.36161965637
北門,2026-05-29,19288,19502.21607599284
北門,2026-05-30,16098,16276.398866035204
北門,2026-05-31,13790,13808.352420685183
十四張,2026-01-01,1342,1934.4581587142948
十四張,2026-01-02,2650,2256.6964023275546
十四張,2026-01-03,1692,1877.828386012835
十四張,2026-01-04,1490,1351.4293913580627
十四張,2026-01-05,2790,2686.927728785866
十四張,2026-01-06,2728,2905.388690335307
十四張,2026-01-07,2814,2821.12505890301
十四張,2026-01-08,2914,2585.7915863437
十四張,2026-01-09,2886,3044.9648212803986
十四張,2026-01-10,1842,1912.759017224434
十四張,2026-01-11,1375,1501.6697117644976
十四張,2026-01-12,2679,2587.9402055169776
十四張,2026-01-13,2778,2787.745362902813
十四張,2026-01-14,2840,2879.824489896046
十四張,2026-01-15,2828,2688.816948272041
十四張,2026-01-16,2700,2922.115339726026
十四張,2026-01-17,1931,1750.9146684871816
十四張,2026-01-18,1441,1572.584220257725
十四張,2026-01-19,2506,2646.820979505977
十四張,2026-01-20,2624,2630.9201144079707
十四張,2026-01-21,2506,2765.083456407547
十四張,2026-01-22,2560,2446.451542706672
十四張,2026-01-23,2611,2686.598827682111
十四張,2026-01-24,1814,1752.5339514164862
十四張,2026-01-25,1624,1448.6320116481152
十四張,2026-01-26,2429,2786.909328272375
十四張,2026-01-27,2520,2530.302713508342
十四張,2026-01-28,2358,2629.8099439272896
十四張,2026-01-29,2481,2356.379807947538
十四張,2026-01-30,2573,2624.2417507290183
十四張,2026-01-31,1853,1740.2649069410097
十四張,2026-02-01,1507,1532.3302341197368
十四張,2026-02-02,2318,2592.611703568443
十四張,2026-02-03,2383,2451.235568013689
十四張,2026-02-04,2514,2462.323416236804
十四張,2026-02-05,2417,2539.865008613983
十四張,2026-02-06,2538,2529.083186324137
十四張,2026-02-07,1903,1751.7408624520754
十四張,2026-02-08,1441,1569.4339600408275
十四張,2026-02-09,2332,2465.436410095456
十四張,2026-02-10,2460,2458.854514735274
十四張,2026-02-11,2340,2542.242877487388
十四張,2026-02-12,2447,2344.8136630274003
十四張,2026-02-13,2376,2587.9796353862066
十四張,2026-02-14,1528,1635.8929399822682
十四張,2026-02-15,1220,1239.7599169273094
十四張,2026-02-16,1023,1340.5536732258483
十四張,2026-02-17,1407,1222.0556116803168
十四張,2026-02-18,1456,1501.997800186687
十四張,2026-02-19,1657,1483.707755321304
十四張,2026-02-20,1580,1906.211019183688
十四張,2026-02-21,1853,1554.2628907991843
十四張,2026-02-22,1561,1529.2916499962512
十四張,2026-02-23,2496,2467.318816833251
十四張,2026-02-24,2566,2629.058123473816
十四張,2026-02-25,2963,2553.557900950484
十四張,2026-02-26,3081,2941.8333849442547
十四張,2026-02-27,1997,2150.1641949777004
十四張,2026-02-28,1933,1933.4644943257704
十四張,2026-03-01,1626,1551.4865701324338
十四張,2026-03-02,2823,2533.7421408863247
十四張,2026-03-03,2808,2884.9400178536066
十四張,2026-03-04,2936,2815.2608601176385
十四張,2026-03-05,3058,2920.2860866944648
十四張,2026-03-06,2996,2871.553278570644
十四張,2026-03-07,2032,2134.779861739313
十四張,2026-03-08,1732,1617.6386994161248
十四張,2026-03-09,2879,2687.752494424075
十四張,2026-03-10,2950,2900.514570537845
十四張,2026-03-11,3108,2955.376398433059
十四張,2026-03-12,2991,3079.816357761907
十四張,2026-03-13,3090,2823.164233444222
十四張,2026-03-14,2161,2206.0907186736167
十四張,2026-03-15,1732,1738.9723421278627
十四張,2026-03-16,2794,2712.5581502911555
十四張,2026-03-17,2860,2843.2298590586784
十四張,2026-03-18,3002,2925.326185109474
十四張,2026-03-19,2950,2975.3829227326505
十四張,2026-03-20,3077,2865.655598090864
十四張,2026-03-21,2159,2189.282559040802
十四張,2026-03-22,1806,1734.9240838257424
十四張,2026-03-23,2803,2793.6335801198
十四張,2026-03-24,2826,2842.6017202071816
十四張,2026-03-25,2919,2912.681592883642
十四張,2026-03-26,2942,2903.6915380046858
十四張,2026-03-27,2973,2918.2665665028376
十四張,2026-03-28,2010,2091.2498785292287
十四張,2026-03-29,1517,1639.581075786869
十四張,2026-03-30,2790,2563.79356669424
十四張,2026-03-31,2858,2869.055286242363
十四張,2026-04-01,2976,2935.073200343921
十四張,2026-04-02,2961,2959.072273990889
十四張,2026-04-03,1754,2172.469412739104
十四張,2026-04-04,1551,1674.475920331855
十四張,2026-04-05,1568,1281.723580465124
十四張,2026-04-06,1404,1959.375791383648
十四張,2026-04-07,2701,2306.549961469254
十四張,2026-04-08,2986,2910.7630479414124
十四張,2026-04-09,2930,2973.855473655193
十四張,2026-04-10,2920,2802.7810894866093
十四張,2026-04-11,1949,2000.72368049755
十四張,2026-04-12,1697,1635.2844841552032
十四張,2026-04-13,2828,2643.7424623690576
十四張,2026-04-14,2851,2966.6177435633026
十四張,2026-04-15,2955,2956.144716153543
十四張,2026-04-16,2958,2931.0406864501115
十四張,2026-04-17,2906,2868.809843797119
十四張,2026-04-18,2000,1972.4502928597944
十四張,2026-04-19,1675,1693.2274050809187
十四張,2026-04-20,2807,2670.471551400735
十四張,2026-04-21,2821,2918.3831097219845
十四張,2026-04-22,2950,2930.896716987841
十四張,2026-04-23,2961,2938.378871509216
十四張,2026-04-24,2964,2878.732806985701
十四張,2026-04-25,1930,2030.0953260964257
十四張,2026-04-26,1900,1617.6058515168288
十四張,2026-04-27,2942,2909.5328208776223
十四張,2026-04-28,2851,2975.591994822565
十四張,2026-04-29,2973,2947.1775884178387
十四張,2026-04-30,3189,2961.3766511278054
十四張,2026-05-01,1935,2330.2253590506834
十四張,2026-05-02,1860,1738.8192996144735
十四張,2026-05-03,1545,1675.000688503881
十四張,2026-05-04,2819,2608.671865157037
十四張,2026-05-05,3081,2895.700527477645
十四張,2026-05-06,3043,3162.508834852305
十四張,2026-05-07,2941,3039.522286756849
十四張,2026-05-08,2983,2775.6952160808587
十四張,2026-05-09,2012,2057.560467902849
十四張,2026-05-10,1566,1718.006708883846
十四張,2026-05-11,2859,2663.4263493630674
十四張,2026-05-12,2836,2977.4561670203707
十四張,2026-05-13,2969,2913.441880469365
十四張,2026-05-14,2971,2987.174913277659
十四張,2026-05-15,3011,2863.776926576779
十四張,2026-05-16,2075,2063.133828062051
十四張,2026-05-17,1610,1734.1210074187543
十四張,2026-05-18,2749,2736.7684903321174
十四張,2026-05-19,2819,2838.7058006246552
十四張,2026-05-20,2905,2932.7479491693302
十四張,2026-05-21,2939,2928.4617385281576
十四張,2026-05-22,2808,2879.038394564524
十四張,2026-05-23,2336,1893.4538535551376
十四張,2026-05-24,1674,1964.8702448589297
十四張,2026-05-25,2719,2744.8022846133904
十四張,2026-05-26,2698,2808.5638053835837
十四張,2026-05-27,2812,2824.867446738939
十四張,2026-05-28,2829,2868.7854440308347
十四張,2026-05-29,2958,2774.806149621932
十四張,2026-05-30,2010,2147.7696916718755
十四張,2026-05-31,1606,1585.479977401727
南京三民,2026-01-01,12901,13151.789025326354
南京三民,2026-01-02,26278,27523.227693279798
南京三民,2026-01-03,14835,15557.317272523023
南京三民,2026-01-04,11740,12418.899032662732
南京三民,2026-01-05,26142,25464.167074864163
南京三民,2026-01-06,27148,26532.590783131884
南京三民,2026-01-07,27023,27069.73390961806
南京三民,2026-01-08,26698,26852.679979546905
南京三民,2026-01-09,27537,27356.328171715915
南京三民,2026-01-10,15931,15682.807611620465
南京三民,2026-01-11,12244,12670.486819474794
南京三民,2026-01-12,25539,25873.103902604373
南京三民,2026-01-13,26247,26701.023761853325
南京三民,2026-01-14,26388,26915.78144896205
南京三民,2026-01-15,26306,26630.16046603864
南京三民,2026-01-16,27479,27149.811455758158
南京三民,2026-01-17,15620,15566.202011313322
南京三民,2026-01-18,12459,12463.336288414965
南京三民,2026-01-19,25775,25810.799563546923
南京三民,2026-01-20,27051,26682.63377483276
南京三民,2026-01-21,27116,27013.716310510925
南京三民,2026-01-22,26706,26821.624314083256
南京三民,2026-01-23,26910,27414.380189307674
南京三民,2026-01-24,15295,15604.245528128187
南京三民,2026-01-25,12275,12403.512812296243
南京三民,2026-01-26,24590,25732.64385728156
南京三民,2026-01-27,25745,26452.50022204472
南京三民,2026-01-28,25992,26607.009378831917
南京三民,2026-01-29,25699,26343.03797004594
南京三民,2026-01-30,26353,26898.134020894624
南京三民,2026-01-31,15771,15183.553870566306
南京三民,2026-02-01,12242,12246.909879039562
南京三民,2026-02-02,24964,25499.79521710112
南京三民,2026-02-03,26142,26392.36258754736
南京三民,2026-02-04,26118,26619.039567312357
南京三民,2026-02-05,26136,26334.92249104486
南京三民,2026-02-06,26927,26942.77848714556
南京三民,2026-02-07,16038,15431.710383004342
南京三民,2026-02-08,13129,12404.003835206266
南京三民,2026-02-09,25262,25664.198341944797
南京三民,2026-02-10,26202,26555.31876631276
南京三民,2026-02-11,26134,26679.55197513372
南京三民,2026-02-12,25929,26379.01082773234
南京三民,2026-02-13,24286,26938.829856125463
南京三民,2026-02-14,12570,15034.291719553989
南京三民,2026-02-15,9571,11544.520274674403
南京三民,2026-02-16,6716,6568.759485567363
南京三民,2026-02-17,7649,7826.254040856482
南京三民,2026-02-18,8138,8129.728386219329
南京三民,2026-02-19,9021,8081.673522865873
南京三民,2026-02-20,10249,12742.7192896101
南京三民,2026-02-21,12012,14634.290668157468
南京三民,2026-02-22,10490,11149.0494772304
南京三民,2026-02-23,24259,24433.71405104471
南京三民,2026-02-24,25673,25578.31123865498
南京三民,2026-02-25,26501,25945.495200679525
南京三民,2026-02-26,27063,26106.73346614672
南京三民,2026-02-27,14269,12483.7907321151
南京三民,2026-02-28,13789,15071.985427078846
南京三民,2026-03-01,11378,11845.916916590326
南京三民,2026-03-02,25937,25088.13494345468
南京三民,2026-03-03,26593,26305.33334581988
南京三民,2026-03-04,27327,26621.582463193317
南京三民,2026-03-05,27207,26773.866020729354
南京三民,2026-03-06,28199,26738.83895146785
南京三民,2026-03-07,16169,15073.79719082612
南京三民,2026-03-08,12889,12361.305156581562
南京三民,2026-03-09,26214,25827.950238344634
南京三民,2026-03-10,27241,26781.168528109614
南京三民,2026-03-11,27952,27110.42492520096
南京三民,2026-03-12,27532,27204.390701609267
南京三民,2026-03-13,27838,27246.15796692657
南京三民,2026-03-14,16386,15268.700041247364
南京三民,2026-03-15,12941,12511.360575185146
南京三民,2026-03-16,25889,25969.87402386742
南京三民,2026-03-17,26980,26826.49030610794
南京三民,2026-03-18,27270,27173.53702746493
南京三民,2026-03-19,27610,27091.29893099717
南京三民,2026-03-20,27826,27275.93704793078
南京三民,2026-03-21,15899,15387.160288173503
南京三民,2026-03-22,13058,12456.634079769245
南京三民,2026-03-23,25946,25918.04979243808
南京三民,2026-03-24,26723,26838.03773724476
南京三民,2026-03-25,27091,27148.76707592236
南京三民,2026-03-26,27190,27094.239303777653
南京三民,2026-03-27,27921,27238.437761067085
南京三民,2026-03-28,15045,15427.207974996189
南京三民,2026-03-29,12226,12348.7961008454
南京三民,2026-03-30,25796,25644.90998100293
南京三民,2026-03-31,26265,26634.96467953303
南京三民,2026-04-01,26792,26941.21791581232
南京三民,2026-04-02,26756,26942.993027565983
南京三民,2026-04-03,12789,13383.83583011788
南京三民,2026-04-04,12095,15022.662678626566
南京三民,2026-04-05,11248,11571.120746157325
南京三民,2026-04-06,10358,11245.274274197942
南京三民,2026-04-07,25794,25877.17787394157
南京三民,2026-04-08,26508,26406.0535193415
南京三民,2026-04-09,26560,26558.97830823952
南京三民,2026-04-10,28067,26840.348444736603
南京三民,2026-04-11,15663,14780.985763909715
南京三民,2026-04-12,12542,12279.366985498298
南京三民,2026-04-13,25340,25602.41146404024
南京三民,2026-04-14,26309,26504.4292008253
南京三民,2026-04-15,26580,26901.35454892842
南京三民,2026-04-16,26553,26859.967616310834
南京三民,2026-04-17,27447,27156.504083832217
南京三民,2026-04-18,15543,14796.44405775355
南京三民,2026-04-19,12678,12275.542818388938
南京三民,2026-04-20,25380,25553.039717881427
南京三民,2026-04-21,26306,26491.47342476868
南京三民,2026-04-22,26310,26872.26323425114
南京三民,2026-04-23,26667,26775.799294258373
南京三民,2026-04-24,27873,27222.989479365977
南京三民,2026-04-25,15518,14994.272010050276
南京三民,2026-04-26,13152,12374.65466942581
南京三民,2026-04-27,25912,25639.031519814613
南京三民,2026-04-28,26658,26631.91672536287
南京三民,2026-04-29,27016,26961.261846851663
南京三民,2026-04-30,27955,26987.52277763876
南京三民,2026-05-01,14361,13928.869080544166
南京三民,2026-05-02,14384,15358.857279808495
南京三民,2026-05-03,12171,12435.995388534231
南京三民,2026-05-04,26308,25454.886082176006
南京三民,2026-05-05,27214,26576.476177841145
南京三民,2026-05-06,26601,27024.470453864567
南京三民,2026-05-07,26959,27069.58036852389
南京三民,2026-05-08,27399,27558.292891918805
南京三民,2026-05-09,14866,14990.521874535742
南京三民,2026-05-10,11687,12358.874988146072
南京三民,2026-05-11,25652,25436.86485785056
南京三民,2026-05-12,26391,26453.22694268826
南京三民,2026-05-13,27076,26697.03497151876
南京三民,2026-05-14,26330,27007.60558177288
南京三民,2026-05-15,26974,27385.73998907152
南京三民,2026-05-16,16488,14766.239989183054
南京三民,2026-05-17,13252,12465.36617060901
南京三民,2026-05-18,25608,25902.892832797184
南京三民,2026-05-19,26034,26705.34607397408
南京三民,2026-05-20,26703,26808.70354055701
南京三民,2026-05-21,26581,26895.898439597928
南京三民,2026-05-22,27987,27362.81312809054
南京三民,2026-05-23,16461,15187.192126959271
南京三民,2026-05-24,12603,12664.656015437777
南京三民,2026-05-25,25426,25822.81019129389
南京三民,2026-05-26,26411,26556.01773225577
南京三民,2026-05-27,26178,26840.01751496712
南京三民,2026-05-28,26374,26757.63280500749
南京三民,2026-05-29,27253,27341.049124799534
南京三民,2026-05-30,15093,15205.053796991786
南京三民,2026-05-31,12479,12308.299704841576
南京復興,2026-01-01,20424,23207.19131072847
南京復興,2026-01-02,44808,48547.38583471689
南京復興,2026-01-03,26421,28164.00871509377
南京復興,2026-01-04,19480,21962.450112257666
南京復興,2026-01-05,45621,44435.81039634395
南京復興,2026-01-06,47400,46171.17366703838
南京復興,2026-01-07,47195,47141.43586089903
南京復興,2026-01-08,47486,47068.84218870364
南京復興,2026-01-09,48927,47757.577588451946
南京復興,2026-01-10,27577,28320.602321059407
南京復興,2026-01-11,21783,21974.013452247436
南京復興,2026-01-12,44690,45335.206230528514
南京復興,2026-01-13,46596,46788.92213677266
南京復興,2026-01-14,46350,47378.63497758242
南京復興,2026-01-15,46997,46869.31299775069
南京復興,2026-01-16,48985,47539.478112458746
南京復興,2026-01-17,27987,28015.248969902717
南京復興,2026-01-18,21284,21762.23001474238
南京復興,2026-01-19,44927,45282.89304838272
南京復興,2026-01-20,46967,46852.01414714086
南京復興,2026-01-21,46992,47267.77119040406
南京復興,2026-01-22,48060,47069.698661436894
南京復興,2026-01-23,48945,48117.62104240817
南京復興,2026-01-24,28032,28122.34269413981
南京復興,2026-01-25,21199,21817.296584951284
南京復興,2026-01-26,45219,45240.82042002434
南京復興,2026-01-27,48028,46936.96527500605
南京復興,2026-01-28,47369,47349.82330871389
南京復興,2026-01-29,47410,47424.91676869589
南京復興,2026-01-30,47852,48410.57159649084
南京復興,2026-01-31,28669,28005.95046316028
南京復興,2026-02-01,21143,21693.791354457197
南京復興,2026-02-02,45120,45213.15197180206
南京復興,2026-02-03,46848,47097.992845409135
南京復興,2026-02-04,47193,47168.45842788125
南京復興,2026-02-05,47929,47362.02119119522
南京復興,2026-02-06,49339,48352.966532439495
南京復興,2026-02-07,28586,28272.247125026974
南京復興,2026-02-08,21697,21678.323456596903
南京復興,2026-02-09,45728,45358.03484529305
南京復興,2026-02-10,47334,47350.090601064585
南京復興,2026-02-11,46742,47382.32075459833
南京復興,2026-02-12,47006,47524.474970858704
南京復興,2026-02-13,42566,48383.71075688276
南京復興,2026-02-14,20770,27417.064155431304
南京復興,2026-02-15,14573,19890.00635069789
南京復興,2026-02-16,9806,10207.314418020986
南京復興,2026-02-17,11660,12341.846872932729
南京復興,2026-02-18,13507,12508.288767746264
南京復興,2026-02-19,16169,13186.353686514623
南京復興,2026-02-20,18150,22093.514433495868
南京復興,2026-02-21,20319,26023.378432048437
南京復興,2026-02-22,17971,18737.14975700275
南京復興,2026-02-23,42353,43348.35456355827
南京復興,2026-02-24,44885,45298.351394420206
南京復興,2026-02-25,47014,45668.1027540196
南京復興,2026-02-26,47071,46692.50164568506
南京復興,2026-02-27,24570,20815.45311624441
南京復興,2026-02-28,23611,25337.660831118235
南京復興,2026-03-01,18746,19140.02810407256
南京復興,2026-03-02,43843,43971.26530930443
南京復興,2026-03-03,45718,45962.01788140179
南京復興,2026-03-04,47726,46637.58634564287
南京復興,2026-03-05,48158,47596.20506460496
南京復興,2026-03-06,49104,46495.17123954862
南京復興,2026-03-07,28970,25014.20081896645
南京復興,2026-03-08,22513,20051.46892959476
南京復興,2026-03-09,45432,45092.28027392171
南京復興,2026-03-10,47053,46991.57226535106
南京復興,2026-03-11,47121,47876.08516888101
南京復興,2026-03-12,47809,48302.64720806141
南京復興,2026-03-13,48610,47633.89240400662
南京復興,2026-03-14,29535,25715.91387412516
南京復興,2026-03-15,23137,20619.430426463805
南京復興,2026-03-16,44814,45393.36191235452
南京復興,2026-03-17,46724,47081.62125127071
南京復興,2026-03-18,46693,47874.06816608869
南京復興,2026-03-19,47166,48238.79417953204
南京復興,2026-03-20,48998,47853.75894531346
南京復興,2026-03-21,29704,26605.5124532118
南京復興,2026-03-22,23207,21210.44157308955
南京復興,2026-03-23,45139,45347.25372500756
南京復興,2026-03-24,46302,47087.00700980594
南京復興,2026-03-25,47227,47604.89210487312
南京復興,2026-03-26,47198,48089.6948603662
南京復興,2026-03-27,48677,48134.7310576685
南京復興,2026-03-28,27678,27349.672185893047
南京復興,2026-03-29,20881,21421.26479169249
南京復興,2026-03-30,45434,44745.99087921064
南京復興,2026-03-31,46614,46606.00952356584
南京復興,2026-04-01,46587,47256.54854552516
南京復興,2026-04-02,46490,47640.4540614513
南京復興,2026-04-03,22555,23203.83412708524
南京復興,2026-04-04,21528,27275.7022921253
南京復興,2026-04-05,19431,20402.330733994742
南京復興,2026-04-06,19023,19009.96677306477
南京復興,2026-04-07,45892,45622.61923632264
南京復興,2026-04-08,46417,46373.62691550266
南京復興,2026-04-09,46892,46830.55965716881
南京復興,2026-04-10,48418,47631.08650620496
南京復興,2026-04-11,29919,26307.1958343937
南京復興,2026-04-12,22619,21244.47469617126
南京復興,2026-04-13,44440,45102.3367992664
南京復興,2026-04-14,45667,46602.444287667895
南京復興,2026-04-15,46206,46966.031915192536
南京復興,2026-04-16,46346,47180.82681793419
南京復興,2026-04-17,47351,47926.67857970351
南京復興,2026-04-18,27877,26373.745150822884
南京復興,2026-04-19,21606,21114.74269710576
南京復興,2026-04-20,43415,44677.418332533525
南京復興,2026-04-21,45148,46115.84315032922
南京復興,2026-04-22,45330,46525.6160484576
南京復興,2026-04-23,47281,46710.35132059517
南京復興,2026-04-24,48413,47781.47524070645
南京復興,2026-04-25,28881,27006.91026638197
南京復興,2026-04-26,22126,21484.148238924838
南京復興,2026-04-27,44414,44625.81971935789
南京復興,2026-04-28,46319,46162.814278254
南京復興,2026-04-29,46917,46637.0705789154
南京復興,2026-04-30,49007,47192.236468307965
南京復興,2026-05-01,24253,23547.491432350864
南京復興,2026-05-02,25312,27883.261955645172
南京復興,2026-05-03,20564,21490.31401939722
南京復興,2026-05-04,46154,44194.21573738762
南京復興,2026-05-05,48381,46132.21055257897
南京復興,2026-05-06,46631,46876.28236434199
南京復興,2026-05-07,47154,47691.86491639023
南京復興,2026-05-08,47499,48430.09649420523
南京復興,2026-05-09,27680,27347.60229385351
南京復興,2026-05-10,20140,21504.630026756466
南京復興,2026-05-11,43926,44491.6470325377
南京復興,2026-05-12,45869,46196.27641441409
南京復興,2026-05-13,47586,46324.570704983176
南京復興,2026-05-14,46166,47496.48939064839
南京復興,2026-05-15,47663,48020.99054809381
南京復興,2026-05-16,28621,26946.6120680788
南京復興,2026-05-17,22376,21190.69507034428
南京復興,2026-05-18,44042,44861.59136934813
南京復興,2026-05-19,45385,46560.06541410521
南京復興,2026-05-20,45720,46580.33476389891
南京復興,2026-05-21,45836,47051.88275359423
南京復興,2026-05-22,46967,47703.69336305998
南京復興,2026-05-23,29008,27025.70840715307
南京復興,2026-05-24,21440,21149.44402143934
南京復興,2026-05-25,44856,44469.382977117806
南京復興,2026-05-26,46013,46300.613809194765
南京復興,2026-05-27,45754,46622.31353922429
南京復興,2026-05-28,46258,46809.07795419551
南京復興,2026-05-29,47023,47662.653821273816
南京復興,2026-05-30,28225,27532.26560488237
南京復興,2026-05-31,22229,21252.77463082508
南勢角,2026-01-01,12798,14614.0594521292
南勢角,2026-01-02,20125,21302.44329717509
南勢角,2026-01-03,16524,16230.013261557891
南勢角,2026-01-04,14080,13792.358226488524
南勢角,2026-01-05,20587,20359.73193914259
南勢角,2026-01-06,21326,21206.10573774697
南勢角,2026-01-07,21382,21449.5559534846
南勢角,2026-01-08,21354,21093.19962321578
南勢角,2026-01-09,22130,21840.00936829848
南勢角,2026-01-10,17650,17221.79877880701
南勢角,2026-01-11,13897,14476.742486636644
南勢角,2026-01-12,20254,20455.5585329795
南勢角,2026-01-13,20980,21112.873518720084
南勢角,2026-01-14,21065,21308.192423481767
南勢角,2026-01-15,21214,21114.6788863806
南勢角,2026-01-16,22080,21879.42285134235
南勢角,2026-01-17,17194,17224.642768953472
南勢角,2026-01-18,14419,14194.471697891036
南勢角,2026-01-19,20287,20542.827468231982
南勢角,2026-01-20,21394,21132.684434138697
南勢角,2026-01-21,20823,21440.28093427183
南勢角,2026-01-22,20418,21080.70617103313
南勢角,2026-01-23,21888,21599.879051352207
南勢角,2026-01-24,17042,17037.173418937455
南勢角,2026-01-25,14719,14171.249813267426
南勢角,2026-01-26,20275,20598.155559780607
南勢角,2026-01-27,20370,21198.037003770125
南勢角,2026-01-28,20658,21006.08409021196
南勢角,2026-01-29,21356,20815.758086167392
南勢角,2026-01-30,21746,21917.91712288693
南勢角,2026-01-31,17012,17067.46109843848
南勢角,2026-02-01,13716,14237.153317253622
南勢角,2026-02-02,20315,20210.74485322874
南勢角,2026-02-03,21359,20972.09926983056
南勢角,2026-02-04,21572,21330.009971340263
南勢角,2026-02-05,21551,21360.685964745662
南勢角,2026-02-06,21941,22056.35046551254
南勢角,2026-02-07,17603,17180.16449656634
南勢角,2026-02-08,14557,14364.568879771045
南勢角,2026-02-09,20394,20619.48379309345
南勢角,2026-02-10,21344,21217.791570527465
南勢角,2026-02-11,20879,21425.539937870177
南勢角,2026-02-12,21669,21115.01937935808
南勢角,2026-02-13,21306,22025.53173906693
南勢角,2026-02-14,15127,17013.036226420874
南勢角,2026-02-15,12221,13477.442389200874
南勢角,2026-02-16,9798,11726.982825243556
南勢角,2026-02-17,13628,12138.150579366538
南勢角,2026-02-18,14205,13221.775758680957
南勢角,2026-02-19,15046,13713.44650783452
南勢角,2026-02-20,15124,15711.883368525065
南勢角,2026-02-21,16371,17024.172706836987
南勢角,2026-02-22,14054,13814.055646332456
南勢角,2026-02-23,20291,20015.80135598732
南勢角,2026-02-24,20865,21304.137708508555
南勢角,2026-02-25,21514,21308.982897827147
南勢角,2026-02-26,22200,21506.53747112101
南勢角,2026-02-27,16677,15429.605221602986
南勢角,2026-02-28,16980,17546.368972964236
南勢角,2026-03-01,14319,14291.35750670683
南勢角,2026-03-02,21095,20388.81025799631
南勢角,2026-03-03,21129,21472.19486273037
南勢角,2026-03-04,21247,21460.982929790804
南勢角,2026-03-05,21717,21467.18843731697
南勢角,2026-03-06,22410,22177.255049954183
南勢角,2026-03-07,17998,17123.46995065343
南勢角,2026-03-08,15116,14539.152088095158
南勢角,2026-03-09,20835,20840.44793191944
南勢角,2026-03-10,21268,21449.61760594995
南勢角,2026-03-11,22225,21460.22813982341
南勢角,2026-03-12,21877,21809.752153938512
南勢角,2026-03-13,22356,22284.33911278599
南勢角,2026-03-14,18342,17322.97960078067
南勢角,2026-03-15,15099,14751.437325213055
南勢角,2026-03-16,20741,20818.29750376499
南勢角,2026-03-17,21820,21423.993091314765
南勢角,2026-03-18,21823,21777.19389421708
南勢角,2026-03-19,21615,21706.102269123523
南勢角,2026-03-20,23247,22152.213747583224
南勢角,2026-03-21,18489,17700.16301974866
南勢角,2026-03-22,15220,14893.031981882596
南勢角,2026-03-23,20834,20882.77888371452
南勢角,2026-03-24,21445,21553.23307001425
南勢角,2026-03-25,21648,21611.675731696967
南勢角,2026-03-26,21603,21590.412655011627
南勢角,2026-03-27,21884,22276.19161373844
南勢角,2026-03-28,17675,17243.252406300704
南勢角,2026-03-29,14041,14484.464905109427
南勢角,2026-03-30,20810,20340.48576635293
南勢角,2026-03-31,21378,21351.442842735392
南勢角,2026-04-01,21554,21541.228948355216
南勢角,2026-04-02,22140,21545.76030613856
南勢角,2026-04-03,15336,15615.29252397929
南勢角,2026-04-04,13256,17347.91437490691
南勢角,2026-04-05,13829,12842.999373934192
南勢角,2026-04-06,12307,13206.472875722377
南勢角,2026-04-07,20134,20576.36422402239
南勢角,2026-04-08,21682,20877.450974240783
南勢角,2026-04-09,21776,21494.97959384267
南勢角,2026-04-10,22493,22128.041373946297
南勢角,2026-04-11,18106,16822.480874810717
南勢角,2026-04-12,15451,14783.62499175996
南勢角,2026-04-13,20779,20811.035231605947
南勢角,2026-04-14,21158,21439.449358180915
南勢角,2026-04-15,21352,21619.478208011336
南勢角,2026-04-16,21407,21549.39085367132
南勢角,2026-04-17,22288,22087.43403080945
南勢角,2026-04-18,17551,17197.14737358464
南勢角,2026-04-19,14704,14586.489992859064
南勢角,2026-04-20,20707,20537.86003968428
南勢角,2026-04-21,21216,21311.985752102628
南勢角,2026-04-22,21446,21510.21504070797
南勢角,2026-04-23,21157,21534.86603236175
南勢角,2026-04-24,21773,22011.85272875136
南勢角,2026-04-25,16854,16975.395293808204
南勢角,2026-04-26,15243,14243.871107773288
南勢角,2026-04-27,20875,20677.837540706525
南勢角,2026-04-28,21673,21410.51236664995
南勢角,2026-04-29,21577,21703.28793598454
南勢角,2026-04-30,21998,21586.288549515604
南勢角,2026-05-01,16715,15587.045702489198
南勢角,2026-05-02,16323,17604.557245710017
南勢角,2026-05-03,13911,14377.390408290128
南勢角,2026-05-04,20904,20219.21060339587
南勢角,2026-05-05,21178,21336.195858311432
南勢角,2026-05-06,22284,21479.67862378653
南勢角,2026-05-07,21910,21869.045594802028
南勢角,2026-05-08,22563,22493.16676204864
南勢角,2026-05-09,17198,17122.528483112852
南勢角,2026-05-10,14458,14465.360150696892
南勢角,2026-05-11,20612,20564.64609100477
南勢角,2026-05-12,21561,21262.40006832684
南勢角,2026-05-13,21365,21736.066025223547
南勢角,2026-05-14,20933,21555.080127095807
南勢角,2026-05-15,22370,21993.500619792518
南勢角,2026-05-16,17622,17037.58338432702
南勢角,2026-05-17,15184,14590.718918198503
南勢角,2026-05-18,20806,20808.203045668848
南勢角,2026-05-19,21290,21465.415682616436
南勢角,2026-05-20,21643,21568.870316909262
南勢角,2026-05-21,21491,21541.769779126564
南勢角,2026-05-22,22273,22260.17429221738
南勢角,2026-05-23,17707,17153.59788811689
南勢角,2026-05-24,14374,14719.23004722928
南勢角,2026-05-25,20557,20521.364965435077
南勢角,2026-05-26,21188,21252.4438357338
南勢角,2026-05-27,21250,21518.979611060597
南勢角,2026-05-28,21160,21415.047022008952
南勢角,2026-05-29,21830,22070.43176582921
南勢角,2026-05-30,17499,16989.997234050992
南勢角,2026-05-31,14198,14494.937825978075
南港,2026-01-01,18584,20572.301564257883
南港,2026-01-02,24750,27905.53228077876
南港,2026-01-03,19862,21691.268416484265
南港,2026-01-04,18241,19079.39479562526
南港,2026-01-05,23963,23325.798278969207
南港,2026-01-06,23964,24696.287448305902
南港,2026-01-07,24146,25058.5787148788
南港,2026-01-08,24222,25131.48114426373
南港,2026-01-09,28058,27266.5499553394
南港,2026-01-10,21699,23561.35020825087
南港,2026-01-11,18570,19621.085170328755
南港,2026-01-12,24019,23535.60466121877
南港,2026-01-13,24230,24592.549167623303
南港,2026-01-14,25254,25040.219006967225
南港,2026-01-15,24667,25627.48637603052
南港,2026-01-16,27790,27500.78834490662
南港,2026-01-17,21953,22938.614500711337
南港,2026-01-18,19213,19619.38758694956
南港,2026-01-19,24482,24029.78438445388
南港,2026-01-20,26448,24730.119717710568
南港,2026-01-21,24801,26528.365545174896
南港,2026-01-22,25168,24760.848007814835
南港,2026-01-23,27580,28074.016517044893
南港,2026-01-24,20971,22444.326658538368
南港,2026-01-25,18783,18909.85892390648
南港,2026-01-26,23539,23980.414044677334
南港,2026-01-27,23688,24459.39413642067
南港,2026-01-28,23654,24445.197312037428
南港,2026-01-29,26670,24455.59169923601
南港,2026-01-30,29981,29094.229848668965
南港,2026-01-31,27577,23506.344316744697
南港,2026-02-01,23626,23063.81320407676
南港,2026-02-02,22643,26212.71020871321
南港,2026-02-03,22950,23174.23387592889
南港,2026-02-04,24417,24026.41442415354
南港,2026-02-05,29010,25483.5018022116
南港,2026-02-06,30332,30724.69716196357
南港,2026-02-07,25688,24187.554574301237
南港,2026-02-08,22198,21909.357589868203
南港,2026-02-09,25274,24813.375366676104
南港,2026-02-10,24057,25072.414069342285
南港,2026-02-11,23842,24380.81548807852
南港,2026-02-12,24725,25770.549108588883
南港,2026-02-13,23782,27844.7519777222
南港,2026-02-14,16314,20761.00789304912
南港,2026-02-15,13412,16478.29030361319
南港,2026-02-16,8715,10564.135517001156
南港,2026-02-17,14596,11633.428019377066
南港,2026-02-18,16285,15650.854457791856
南港,2026-02-19,19496,17202.005840902268
南港,2026-02-20,20184,23818.25706070203
南港,2026-02-21,20874,20826.92622817142
南港,2026-02-22,18151,18762.370810317934
南港,2026-02-23,23186,22332.97244769769
南港,2026-02-24,23147,24524.16017982125
南港,2026-02-25,24045,23993.58371227023
南港,2026-02-26,25625,26300.04616460933
南港,2026-02-27,20236,20873.75772584592
南港,2026-02-28,20625,21296.894724570677
南港,2026-03-01,17813,18282.01861968082
南港,2026-03-02,23067,22309.52173669377
南港,2026-03-03,22985,24260.71197910077
南港,2026-03-04,24054,23915.69135086168
南港,2026-03-05,24741,26238.317903666957
南港,2026-03-06,27044,25969.667374084664
南港,2026-03-07,22097,21929.79544717059
南港,2026-03-08,18424,19001.526364856854
南港,2026-03-09,24022,22699.76375887074
南港,2026-03-10,24002,24577.38165228506
南港,2026-03-11,25598,24496.243353450074
南港,2026-03-12,26680,26847.76447718792
南港,2026-03-13,29049,27279.86156052157
南港,2026-03-14,22978,23057.59728823929
南港,2026-03-15,21435,19215.51611240529
南港,2026-03-16,24318,24955.83306163877
南港,2026-03-17,25651,24170.14994086334
南港,2026-03-18,26103,25910.60540977293
南港,2026-03-19,25393,26847.833521725635
南港,2026-03-20,29947,26761.182758407784
南港,2026-03-21,22341,23871.57890299756
南港,2026-03-22,21496,19018.11059262013
南港,2026-03-23,24343,25044.582299116348
南港,2026-03-24,24637,24428.323671382008
南港,2026-03-25,26174,25283.81065980816
南港,2026-03-26,26666,26765.29378879537
南港,2026-03-27,32174,28252.634320828667
南港,2026-03-28,22401,24889.57071756372
南港,2026-03-29,18672,19282.42575579183
南港,2026-03-30,23971,23026.962354248422
南港,2026-03-31,23935,24687.96926299408
南港,2026-04-01,23988,24940.69961823529
南港,2026-04-02,25555,25349.2647657427
南港,2026-04-03,18832,22763.64600297244
南港,2026-04-04,19059,19380.476423074902
南港,2026-04-05,20421,18107.842455739345
南港,2026-04-06,19822,18758.298141873776
南港,2026-04-07,24802,25391.027162483784
南港,2026-04-08,25927,25156.08361524937
南港,2026-04-09,26640,26621.46837683553
南港,2026-04-10,28461,28396.905394304464
南港,2026-04-11,22229,21710.13219691653
南港,2026-04-12,18779,20144.53200374924
南港,2026-04-13,23367,23392.03547643935
南港,2026-04-14,24713,24005.218075724395
南港,2026-04-15,24921,25530.046428633108
南港,2026-04-16,25404,25885.08791846633
南港,2026-04-17,27087,27666.628570493816
南港,2026-04-18,20078,21029.29947315352
南港,2026-04-19,19190,18630.23768591257
南港,2026-04-20,23283,23993.190671365603
南港,2026-04-21,23729,23939.41996227376
南港,2026-04-22,24593,24797.307249766556
南港,2026-04-23,24807,25713.607081150243
南港,2026-04-24,27380,27163.2784837173
南港,2026-04-25,20532,21141.38830848476
南港,2026-04-26,19996,18956.27462414247
南港,2026-04-27,23514,24343.276500940818
南港,2026-04-28,24157,23951.11915928902
南港,2026-04-29,24653,25027.36051690457
南港,2026-04-30,26595,25496.298089935524
南港,2026-05-01,19912,22522.171334760613
南港,2026-05-02,21638,19638.28282033243
南港,2026-05-03,20602,20256.25832077984
南港,2026-05-04,24300,24320.454727293923
南港,2026-05-05,25681,24487.88578759273
南港,2026-05-06,25845,25871.089424341902
南港,2026-05-07,25751,26294.807498816623
南港,2026-05-08,26764,27186.10079228145
南港,2026-05-09,21566,20848.892322911444
南港,2026-05-10,20116,20100.395343899167
南港,2026-05-11,23612,24027.18510469325
南港,2026-05-12,23702,24326.32831232199
南港,2026-05-13,24663,24602.99793361511
南港,2026-05-14,24945,25698.092090415776
南港,2026-05-15,28696,26622.542116440443
南港,2026-05-16,23816,22453.14733245239
南港,2026-05-17,21750,21308.38277104337
南港,2026-05-18,23772,24774.9879598764
南港,2026-05-19,23607,24134.864988436108
南港,2026-05-20,25442,24570.87747105888
南港,2026-05-21,24685,26079.009316213956
南港,2026-05-22,30215,26724.893518423865
南港,2026-05-23,27599,23850.23759220712
南港,2026-05-24,23576,23717.639370552148
南港,2026-05-25,24834,25261.19886255641
南港,2026-05-26,24196,24576.835826763123
南港,2026-05-27,24199,25015.909820845955
南港,2026-05-28,24047,24871.94423886761
南港,2026-05-29,26210,27245.854645387644
南港,2026-05-30,21293,21943.038312549645
南港,2026-05-31,19653,20027.669990993447
南港展覽館,2026-01-01,24533,22214.909227662225
南港展覽館,2026-01-02,33142,44286.71051635203
南港展覽館,2026-01-03,28914,28186.40816981664
南港展覽館,2026-01-04,20230,23893.843565565345
南港展覽館,2026-01-05,32939,30299.17013203285
南港展覽館,2026-01-06,33447,34443.10340251111
南港展覽館,2026-01-07,36226,34838.13608146378
南港展覽館,2026-01-08,35474,41023.7119668508
南港展覽館,2026-01-09,38960,37354.07798577071
南港展覽館,2026-01-10,31115,33702.186546527286
南港展覽館,2026-01-11,22734,23337.277839166105
南港展覽館,2026-01-12,34056,32874.52960507205
南港展覽館,2026-01-13,35780,34701.84024356867
南港展覽館,2026-01-14,36274,36590.66921008682
南港展覽館,2026-01-15,38333,39655.29664504465
南港展覽館,2026-01-16,44419,39352.50874852557
南港展覽館,2026-01-17,36740,36894.26417287548
南港展覽館,2026-01-18,21075,26469.79766352773
南港展覽館,2026-01-19,35183,31132.011923041984
南港展覽館,2026-01-20,38809,36246.35090632615
南港展覽館,2026-01-21,35737,38630.29066496604
南港展覽館,2026-01-22,37703,38146.10021366613
南港展覽館,2026-01-23,42986,40254.52171708715
南港展覽館,2026-01-24,35111,35662.86230420142
南港展覽館,2026-01-25,20850,24348.80186701291
南港展覽館,2026-01-26,34067,32083.908057706467
南港展覽館,2026-01-27,34396,35954.479303574575
南港展覽館,2026-01-28,36335,34818.86414347938
南港展覽館,2026-01-29,50743,39243.46046865519
南港展覽館,2026-01-30,55004,50879.41671780336
南港展覽館,2026-01-31,52895,42467.30114482618
南港展覽館,2026-02-01,40371,35391.60173225846
南港展覽館,2026-02-02,32408,44880.41946036332
南港展覽館,2026-02-03,34224,31544.376590625685
南港展覽館,2026-02-04,36829,35855.73887376291
南港展覽館,2026-02-05,58501,41717.74783054149
南港展覽館,2026-02-06,66512,57815.51537269119
南港展覽館,2026-02-07,48758,51999.35692320049
南港展覽館,2026-02-08,42101,31207.617882968618
南港展覽館,2026-02-09,49131,45006.3455854792
南港展覽館,2026-02-10,35837,44294.51155731669
南港展覽館,2026-02-11,35379,34408.571138484025
南港展覽館,2026-02-12,37507,45107.96402638935
南港展覽館,2026-02-13,36849,43748.7847528326
南港展覽館,2026-02-14,20927,32930.72683223676
南港展覽館,2026-02-15,16656,16833.65467788129
南港展覽館,2026-02-16,10406,8413.921875176806
南港展覽館,2026-02-17,21061,11798.346226472271
南港展覽館,2026-02-18,21056,20832.32423755086
南港展覽館,2026-02-19,24121,26869.79055687327
南港展覽館,2026-02-20,23480,32340.905397533497
南港展覽館,2026-02-21,22707,30763.243078233
南港展覽館,2026-02-22,18091,18672.276268685
南港展覽館,2026-02-23,31042,31039.35198391328
南港展覽館,2026-02-24,32658,33714.66995645572
南港展覽館,2026-02-25,33200,34825.135939808075
南港展覽館,2026-02-26,35571,41728.50367122749
南港展覽館,2026-02-27,25465,23883.29548392199
南港展覽館,2026-02-28,31733,31483.36147694051
南港展覽館,2026-03-01,21263,24736.217795307835
南港展覽館,2026-03-02,31778,32070.876987714688
南港展覽館,2026-03-03,32116,34427.50960479299
南港展覽館,2026-03-04,32549,34002.46567607157
南港展覽館,2026-03-05,33930,39973.99915244922
南港展覽館,2026-03-06,34326,38174.05152855556
南港展覽館,2026-03-07,25265,26155.538686143787
南港展覽館,2026-03-08,18755,20204.763886967776
南港展覽館,2026-03-09,32470,30988.64030857154
南港展覽館,2026-03-10,32790,34634.832715209144
南港展覽館,2026-03-11,35109,33941.73968812763
南港展覽館,2026-03-12,43184,40291.99613993664
南港展覽館,2026-03-13,46469,44217.1494204277
南港展覽館,2026-03-14,37805,33782.72997015999
南港展覽館,2026-03-15,31235,27516.40132326242
南港展覽館,2026-03-16,34206,39023.36039392927
南港展覽館,2026-03-17,39198,33588.830724891304
南港展覽館,2026-03-18,39309,39186.94773361465
南港展覽館,2026-03-19,38892,42558.07902225
南港展覽館,2026-03-20,42759,40629.03312734321
南港展覽館,2026-03-21,25193,32600.08190292289
南港展覽館,2026-03-22,21958,18920.2774806234
南港展覽館,2026-03-23,33583,33218.423444925866
南港展覽館,2026-03-24,35930,35341.41600464792
南港展覽館,2026-03-25,41177,36585.83659896277
南港展覽館,2026-03-26,42373,44111.18824200529
南港展覽館,2026-03-27,47013,43392.5042301254
南港展覽館,2026-03-28,29413,34098.3384731544
南港展覽館,2026-03-29,19797,22353.75247068977
南港展覽館,2026-03-30,32824,30699.48405070593
南港展覽館,2026-03-31,33755,35772.7280665689
南港展覽館,2026-04-01,33035,35843.71321327904
南港展覽館,2026-04-02,34834,37638.84111354807
南港展覽館,2026-04-03,28476,24207.48078040829
南港展覽館,2026-04-04,26811,31518.96426072756
南港展覽館,2026-04-05,26287,20271.18637028681
南港展覽館,2026-04-06,22394,20975.249617621943
南港展覽館,2026-04-07,32498,38076.53245246114
南港展覽館,2026-04-08,37247,33915.599606677635
南港展覽館,2026-04-09,38643,40637.53754124707
南港展覽館,2026-04-10,39576,42972.709695163285
南港展覽館,2026-04-11,26616,26312.077162970767
南港展覽館,2026-04-12,20906,22152.680925506385
南港展覽館,2026-04-13,33363,32661.00001877558
南港展覽館,2026-04-14,37746,34276.02568722828
南港展覽館,2026-04-15,37422,39083.342196996586
南港展覽館,2026-04-16,37346,39070.86763996749
南港展覽館,2026-04-17,37311,41761.61130459847
南港展覽館,2026-04-18,24241,24546.620736705878
南港展覽館,2026-04-19,20065,20812.113933732013
南港展覽館,2026-04-20,32104,32581.911263017944
南港展覽館,2026-04-21,33932,33757.65097076562
南港展覽館,2026-04-22,36183,36227.0781880876
南港展覽館,2026-04-23,36039,38320.77294853082
南港展覽館,2026-04-24,36489,39701.11532304851
南港展覽館,2026-04-25,25348,24114.694478265337
南港展覽館,2026-04-26,22227,21514.603581433184
南港展覽館,2026-04-27,32724,33960.40673591307
南港展覽館,2026-04-28,33267,34151.263214252285
南港展覽館,2026-04-29,34222,35558.61335788837
南港展覽館,2026-04-30,35147,36380.08096326829
南港展覽館,2026-05-01,24420,22812.369402971657
南港展覽館,2026-05-02,26260,27188.94919370024
南港展覽館,2026-05-03,20412,21635.706568486487
南港展覽館,2026-05-04,32319,32271.937579124675
南港展覽館,2026-05-05,39163,33994.171738532765
南港展覽館,2026-05-06,40872,39845.40083181342
南港展覽館,2026-05-07,39824,40036.974930247736
南港展覽館,2026-05-08,34708,41238.99162615421
南港展覽館,2026-05-09,26785,22297.843428901862
南港展覽館,2026-05-10,24603,23000.1910387266
南港展覽館,2026-05-11,32396,35070.06886249169
南港展覽館,2026-05-12,33637,34355.10188809013
南港展覽館,2026-05-13,34979,35855.84482219153
南港展覽館,2026-05-14,36677,36375.22574461606
南港展覽館,2026-05-15,43593,38452.98881587527
南港展覽館,2026-05-16,30228,30399.81233137321
南港展覽館,2026-05-17,25804,24148.115503144312
南港展覽館,2026-05-18,32511,35245.745035630855
南港展覽館,2026-05-19,33245,34435.02676689006
南港展覽館,2026-05-20,35123,35461.79931721755
南港展覽館,2026-05-21,37811,36608.68382569899
南港展覽館,2026-05-22,49744,39934.77410196681
南港展覽館,2026-05-23,47072,35188.45106436679
南港展覽館,2026-05-24,40926,36501.71232921393
南港展覽館,2026-05-25,41654,43326.86326070708
南港展覽館,2026-05-26,35166,39058.9999958674
南港展覽館,2026-05-27,34273,35622.38601115788
南港展覽館,2026-05-28,34154,36144.17484808692
南港展覽館,2026-05-29,35052,39606.98749612512
南港展覽館,2026-05-30,26205,26853.263706526675
南港展覽館,2026-05-31,22162,23960.535828232787
南港軟體園區,2026-01-01,6231,6006.570100461929
南港軟體園區,2026-01-02,8927,10183.23819118438
南港軟體園區,2026-01-03,5111,5562.917488664275
南港軟體園區,2026-01-04,4440,4814.321422303304
南港軟體園區,2026-01-05,8763,8563.17879878154
南港軟體園區,2026-01-06,9145,8754.96679676436
南港軟體園區,2026-01-07,7959,9413.131714577845
南港軟體園區,2026-01-08,8391,9000.440666768574
南港軟體園區,2026-01-09,8926,8805.02564503701
南港軟體園區,2026-01-10,5027,5366.940994677753
南港軟體園區,2026-01-11,4484,4700.34782845067
南港軟體園區,2026-01-12,8588,8620.821482075107
南港軟體園區,2026-01-13,8550,8731.191973827916
南港軟體園區,2026-01-14,8812,8808.213630550967
南港軟體園區,2026-01-15,8761,9269.428835725092
南港軟體園區,2026-01-16,9395,9078.353315928178
南港軟體園區,2026-01-17,5545,5565.4466756640695
南港軟體園區,2026-01-18,4460,4946.692888704713
南港軟體園區,2026-01-19,9638,8623.32852057792
南港軟體園區,2026-01-20,10370,9201.56081146102
南港軟體園區,2026-01-21,9638,9782.42978405503
南港軟體園區,2026-01-22,9583,9681.62331810451
南港軟體園區,2026-01-23,9741,9581.016088640274
南港軟體園區,2026-01-24,5441,5781.156671340542
南港軟體園區,2026-01-25,4735,4831.941814245242
南港軟體園區,2026-01-26,8809,8941.64247852768
南港軟體園區,2026-01-27,9571,9027.423039857387
南港軟體園區,2026-01-28,9138,9330.521392234568
南港軟體園區,2026-01-29,9197,9393.92204570036
南港軟體園區,2026-01-30,9652,9387.294880348916
南港軟體園區,2026-01-31,6135,5656.364696192869
南港軟體園區,2026-02-01,5576,5160.424924590024
南港軟體園區,2026-02-02,9111,9332.134717994944
南港軟體園區,2026-02-03,8719,9284.666151947931
南港軟體園區,2026-02-04,8730,8900.086168332158
南港軟體園區,2026-02-05,9518,9124.811758329965
南港軟體園區,2026-02-06,9737,9566.49430838677
南港軟體園區,2026-02-07,5611,5807.121050825491
南港軟體園區,2026-02-08,4954,4988.5937446962025
南港軟體園區,2026-02-09,8944,8967.218002371445
南港軟體園區,2026-02-10,8853,9053.91372490182
南港軟體園區,2026-02-11,8899,8929.275815554467
南港軟體園區,2026-02-12,8801,9289.878278155222
南港軟體園區,2026-02-13,8670,9248.41424576886
南港軟體園區,2026-02-14,4386,5206.040017437478
南港軟體園區,2026-02-15,4136,4322.0564671856655
南港軟體園區,2026-02-16,2469,2878.3687653092384
南港軟體園區,2026-02-17,6683,2945.794252358988
南港軟體園區,2026-02-18,5329,4946.4352976282335
南港軟體園區,2026-02-19,6538,4717.555727973095
南港軟體園區,2026-02-20,6058,6536.37996515935
南港軟體園區,2026-02-21,5527,6072.270540765222
南港軟體園區,2026-02-22,4603,4939.009066928228
南港軟體園區,2026-02-23,8093,8723.189420118943
南港軟體園區,2026-02-24,8003,9291.323106979076
南港軟體園區,2026-02-25,8447,8544.530636399464
南港軟體園區,2026-02-26,8347,9273.854895268572
南港軟體園區,2026-02-27,4956,4465.600304179722
南港軟體園區,2026-02-28,5051,5271.817030882025
南港軟體園區,2026-03-01,4070,4583.304163183674
南港軟體園區,2026-03-02,8010,8330.478871454285
南港軟體園區,2026-03-03,8626,8889.660097622182
南港軟體園區,2026-03-04,9057,8814.80245223186
南港軟體園區,2026-03-05,8833,9381.71078358046
南港軟體園區,2026-03-06,9820,9189.364614775588
南港軟體園區,2026-03-07,4597,5520.463642924708
南港軟體園區,2026-03-08,4319,4301.542026689028
南港軟體園區,2026-03-09,8805,8392.206139744572
南港軟體園區,2026-03-10,8579,9269.997350023204
南港軟體園區,2026-03-11,8669,8875.118908204404
南港軟體園區,2026-03-12,8445,9115.616650345466
南港軟體園區,2026-03-13,8849,9085.68069976964
南港軟體園區,2026-03-14,5197,4863.918202464082
南港軟體園區,2026-03-15,4440,4566.31799978867
南港軟體園區,2026-03-16,8000,8558.832560309876
南港軟體園區,2026-03-17,8318,8765.399443186832
南港軟體園區,2026-03-18,8347,8667.99881271995
南港軟體園區,2026-03-19,8603,8835.467616798478
南港軟體園區,2026-03-20,8578,9086.586851906528
南港軟體園區,2026-03-21,4638,4822.798843465677
南港軟體園區,2026-03-22,4485,4258.360599668003
南港軟體園區,2026-03-23,8093,8441.51697695742
南港軟體園區,2026-03-24,8140,8746.829461393912
南港軟體園區,2026-03-25,8427,8531.512525375168
南港軟體園區,2026-03-26,8482,8842.444699514408
南港軟體園區,2026-03-27,8904,8942.744077968448
南港軟體園區,2026-03-28,4633,4935.013963153021
南港軟體園區,2026-03-29,4182,4314.998379095677
南港軟體園區,2026-03-30,8325,8245.000976297424
南港軟體園區,2026-03-31,8272,8747.71349254106
南港軟體園區,2026-04-01,8181,8594.636924736918
南港軟體園區,2026-04-02,8366,8669.61501677767
南港軟體園區,2026-04-03,5410,4528.786893683912
南港軟體園區,2026-04-04,5425,5297.885219853374
南港軟體園區,2026-04-05,5113,4709.727648651383
南港軟體園區,2026-04-06,4762,4409.942689542516
南港軟體園區,2026-04-07,8250,9108.38369682766
南港軟體園區,2026-04-08,8413,8550.725283224758
南港軟體園區,2026-04-09,8191,8739.635721809862
南港軟體園區,2026-04-10,8558,8970.412401225734
南港軟體園區,2026-04-11,4722,4733.544046748012
南港軟體園區,2026-04-12,4415,4388.768997726557
南港軟體園區,2026-04-13,7984,8448.412001799996
南港軟體園區,2026-04-14,8146,8376.499364611907
南港軟體園區,2026-04-15,8794,8431.610870059967
南港軟體園區,2026-04-16,8328,8823.796005437403
南港軟體園區,2026-04-17,8465,8954.74861794347
南港軟體園區,2026-04-18,4606,4690.551045279085
南港軟體園區,2026-04-19,4233,4322.9144344986535
南港軟體園區,2026-04-20,7921,8259.425017137457
南港軟體園區,2026-04-21,7866,8317.780584722368
南港軟體園區,2026-04-22,8067,8361.64969762854
南港軟體園區,2026-04-23,8885,8379.4530613198
南港軟體園區,2026-04-24,9071,9113.292795519075
南港軟體園區,2026-04-25,5221,4993.231522768799
南港軟體園區,2026-04-26,4599,4635.104402791817
南港軟體園區,2026-04-27,7909,8418.412182873417
南港軟體園區,2026-04-28,8013,8255.084346910344
南港軟體園區,2026-04-29,8605,8371.223246836016
南港軟體園區,2026-04-30,8884,8755.307693573794
南港軟體園區,2026-05-01,5225,4789.7407031154335
南港軟體園區,2026-05-02,5389,5287.352065831333
南港軟體園區,2026-05-03,4495,4735.898287366031
南港軟體園區,2026-05-04,8445,8293.108843502308
南港軟體園區,2026-05-05,8983,8480.881860459001
南港軟體園區,2026-05-06,8430,8919.220447806238
南港軟體園區,2026-05-07,8368,8726.30668001365
南港軟體園區,2026-05-08,8958,8968.706674644001
南港軟體園區,2026-05-09,5146,4973.476967581672
南港軟體園區,2026-05-10,4782,4543.96873235614
南港軟體園區,2026-05-11,7931,8461.233317036418
南港軟體園區,2026-05-12,7935,8340.284339067795
南港軟體園區,2026-05-13,9129,8289.501951878347
南港軟體園區,2026-05-14,8279,8949.156277044503
南港軟體園區,2026-05-15,8638,8938.734578033223
南港軟體園區,2026-05-16,5113,4844.391284029364
南港軟體園區,2026-05-17,4896,4563.375837906745
南港軟體園區,2026-05-18,7843,8413.275013033905
南港軟體園區,2026-05-19,8101,8214.789030298532
南港軟體園區,2026-05-20,8243,8533.81161212951
南港軟體園區,2026-05-21,8276,8409.78945671811
南港軟體園區,2026-05-22,8758,8842.852709414228
南港軟體園區,2026-05-23,6006,4943.925210089302
南港軟體園區,2026-05-24,5639,5059.675276258628
南港軟體園區,2026-05-25,8241,8726.103761723474
南港軟體園區,2026-05-26,8406,8435.741455614914
南港軟體園區,2026-05-27,8357,8629.06307280768
南港軟體園區,2026-05-28,8360,8474.561435918607
南港軟體園區,2026-05-29,8454,8882.80878394191
南港軟體園區,2026-05-30,5166,4987.403034443582
南港軟體園區,2026-05-31,4816,4733.345189582186
古亭,2026-01-01,17833,20095.75919160357
古亭,2026-01-02,32418,35576.58857905793
古亭,2026-01-03,25143,26446.029880437287
古亭,2026-01-04,19583,19965.19781292617
古亭,2026-01-05,31117,30941.861742494595
古亭,2026-01-06,32893,33061.430820533016
古亭,2026-01-07,33212,34199.37686063834
古亭,2026-01-08,33218,33631.49567984571
古亭,2026-01-09,35107,34801.62173785089
古亭,2026-01-10,26993,26684.15353217034
古亭,2026-01-11,20435,20557.14339627567
古亭,2026-01-12,30365,31559.668527674465
古亭,2026-01-13,32489,33214.65750560616
古亭,2026-01-14,32978,34049.445246647745
古亭,2026-01-15,32405,33438.49097350912
古亭,2026-01-16,34742,34543.11660387091
古亭,2026-01-17,26268,26495.082751029884
古亭,2026-01-18,19882,20253.751644326185
古亭,2026-01-19,31297,31091.823546451666
古亭,2026-01-20,33045,33134.21787240838
古亭,2026-01-21,32816,33986.76288640088
古亭,2026-01-22,32936,33306.38025761993
古亭,2026-01-23,34155,34734.65991415508
古亭,2026-01-24,26170,26424.0940788256
古亭,2026-01-25,20939,20141.197517359265
古亭,2026-01-26,31430,31288.8163902143
古亭,2026-01-27,33949,33241.00678959972
古亭,2026-01-28,34240,34039.98882268323
古亭,2026-01-29,34132,33683.09279277156
古亭,2026-01-30,35208,35177.17604672289
古亭,2026-01-31,27214,26908.85986787793
古亭,2026-02-01,20300,20794.81171683753
古亭,2026-02-02,31457,31487.09555147997
古亭,2026-02-03,34059,33456.89609648425
古亭,2026-02-04,33955,34116.77340317201
古亭,2026-02-05,33621,33730.625099028046
古亭,2026-02-06,35759,35041.90144758707
古亭,2026-02-07,27444,27002.348435282867
古亭,2026-02-08,21895,20820.4782237919
古亭,2026-02-09,31818,31880.91932080376
古亭,2026-02-10,34041,33884.951804168406
古亭,2026-02-11,33303,34269.013896651
古亭,2026-02-12,33185,33683.352261485714
古亭,2026-02-13,32005,35040.97334261265
古亭,2026-02-14,20262,26195.850802137007
古亭,2026-02-15,15174,18900.01905416834
古亭,2026-02-16,9959,7270.426785341831
古亭,2026-02-17,11017,10485.357547529196
古亭,2026-02-18,12069,11065.544138659752
古亭,2026-02-19,12972,11182.450797355865
古亭,2026-02-20,14674,20137.392870837422
古亭,2026-02-21,17419,24680.219360395167
古亭,2026-02-22,16756,17385.25134817978
古亭,2026-02-23,30917,29459.070219054563
古亭,2026-02-24,32947,32192.279091584547
古亭,2026-02-25,34569,32949.79750701974
古亭,2026-02-26,35113,33414.83357199815
古亭,2026-02-27,24262,19186.13181397097
古亭,2026-02-28,23285,25408.299862634587
古亭,2026-03-01,19194,19654.13729915567
古亭,2026-03-02,31752,31755.24863432703
古亭,2026-03-03,33388,33642.24511935098
古亭,2026-03-04,34599,34097.32459869656
古亭,2026-03-05,34638,34246.66876585693
古亭,2026-03-06,36261,34551.45365174017
古亭,2026-03-07,28455,24368.463811855145
古亭,2026-03-08,21501,20433.367010264083
古亭,2026-03-09,32781,32803.61417046515
古亭,2026-03-10,34732,34424.64871508363
古亭,2026-03-11,35454,34985.0588936998
古亭,2026-03-12,35227,34983.54079269374
古亭,2026-03-13,36920,35494.65302841577
古亭,2026-03-14,29595,25400.229996411144
古亭,2026-03-15,22478,21084.3696514935
古亭,2026-03-16,31946,33292.07582811038
古亭,2026-03-17,34251,34566.15904637996
古亭,2026-03-18,35116,35029.54971495334
古亭,2026-03-19,34841,34933.52189014304
古亭,2026-03-20,37569,35637.89219803417
古亭,2026-03-21,28406,26292.91133897861
古亭,2026-03-22,21861,21125.48635152884
古亭,2026-03-23,32111,32805.53980965053
古亭,2026-03-24,34850,34409.90691124425
古亭,2026-03-25,35070,35124.10944189692
古亭,2026-03-26,34820,34953.25228408728
古亭,2026-03-27,36934,36013.40129320952
古亭,2026-03-28,27425,26644.94825838121
古亭,2026-03-29,21239,21002.043601825357
古亭,2026-03-30,31824,32343.269203740743
古亭,2026-03-31,34044,34235.51888412772
古亭,2026-04-01,34133,34806.23134074871
古亭,2026-04-02,34979,34544.743043061804
古亭,2026-04-03,21327,21511.983108079978
古亭,2026-04-04,18217,26498.77266599753
古亭,2026-04-05,17138,18856.013761685048
古亭,2026-04-06,16314,15542.90979644406
古亭,2026-04-07,33441,32767.866017759665
古亭,2026-04-08,34347,33730.29541667658
古亭,2026-04-09,34005,34107.23984692307
古亭,2026-04-10,36260,35540.098360130745
古亭,2026-04-11,27484,24957.37689965985
古亭,2026-04-12,21022,20491.33138017004
古亭,2026-04-13,31510,32129.104194078845
古亭,2026-04-14,33835,34130.04517290833
古亭,2026-04-15,34043,34616.01012260218
古亭,2026-04-16,34279,34500.803913953314
古亭,2026-04-17,35905,35937.78776604878
古亭,2026-04-18,27602,25179.186387862108
古亭,2026-04-19,21927,20595.69523205509
古亭,2026-04-20,31562,32294.765745672517
古亭,2026-04-21,33626,34253.82813790975
古亭,2026-04-22,34289,34583.176284508496
古亭,2026-04-23,34342,34536.77553729706
古亭,2026-04-24,36981,36014.67730829449
古亭,2026-04-25,28353,25943.70651435289
古亭,2026-04-26,22644,21153.28131616865
古亭,2026-04-27,32004,32490.675718655737
古亭,2026-04-28,34568,34430.028436494955
古亭,2026-04-29,35179,34886.776647845014
古亭,2026-04-30,37498,34905.13894182041
古亭,2026-05-01,22836,22563.35100649216
古亭,2026-05-02,24144,27032.408878350143
古亭,2026-05-03,19966,20874.43434958564
古亭,2026-05-04,33012,31475.34833697686
古亭,2026-05-05,35306,34130.5109083794
古亭,2026-05-06,35429,34914.51296588112
古亭,2026-05-07,35364,35374.47380819403
古亭,2026-05-08,36680,36734.15910964128
古亭,2026-05-09,27438,26232.80841445922
古亭,2026-05-10,19764,21263.336495759148
古亭,2026-05-11,31962,31949.645090534435
古亭,2026-05-12,34295,34235.68446257454
古亭,2026-05-13,34642,34734.66479708112
古亭,2026-05-14,34534,35131.23071306754
古亭,2026-05-15,36595,36362.9843448987
古亭,2026-05-16,27789,26100.04337831921
古亭,2026-05-17,21574,20928.155440497954
古亭,2026-05-18,31786,32368.315507296706
古亭,2026-05-19,33825,34454.99942115545
古亭,2026-05-20,34499,34730.98161099531
古亭,2026-05-21,34581,34994.5029261104
古亭,2026-05-22,36329,36389.68318164903
古亭,2026-05-23,28463,26359.805136373383
古亭,2026-05-24,21290,21096.188282961357
古亭,2026-05-25,31409,32272.06299243049
古亭,2026-05-26,33500,34269.96338519294
古亭,2026-05-27,34218,34571.14520941382
古亭,2026-05-28,34017,34777.41324771097
古亭,2026-05-29,35992,36190.51352151513
古亭,2026-05-30,28596,26575.302332214327
古亭,2026-05-31,20589,21074.23201640444
台北101/世貿,2026-01-01,45424,34509.96344158455
台北101/世貿,2026-01-02,38744,48058.52457929839
台北101/世貿,2026-01-03,35302,37315.57490742138
台北101/世貿,2026-01-04,28160,29987.607165649715
台北101/世貿,2026-01-05,31958,31592.73206575068
台北101/世貿,2026-01-06,32092,32413.53098525289
台北101/世貿,2026-01-07,34193,35203.08070184708
台北101/世貿,2026-01-08,32550,38527.82316666063
台北101/世貿,2026-01-09,38704,34269.77820327839
台北101/世貿,2026-01-10,36298,37651.56698514902
台北101/世貿,2026-01-11,31344,30195.86654235451
台北101/世貿,2026-01-12,34299,33807.21898400301
台北101/世貿,2026-01-13,31256,33781.44461049122
台北101/世貿,2026-01-14,31319,34473.19646169807
台北101/世貿,2026-01-15,32217,35858.104449697785
台北101/世貿,2026-01-16,38025,34757.33378394447
台北101/世貿,2026-01-17,34744,36901.87426820005
台北101/世貿,2026-01-18,30557,29371.433088036887
台北101/世貿,2026-01-19,35858,33458.03164213466
台北101/世貿,2026-01-20,33780,34350.33018529654
台北101/世貿,2026-01-21,31341,35432.03107908735
台北101/世貿,2026-01-22,33043,34896.75454255297
台北101/世貿,2026-01-23,40070,36057.72910478049
台北101/世貿,2026-01-24,39475,37764.67311234422
台北101/世貿,2026-01-25,42414,32649.28730909625
台北101/世貿,2026-01-26,37142,41510.8537129732
台北101/世貿,2026-01-27,32294,34493.2476573431
台北101/世貿,2026-01-28,33271,33572.95761342876
台北101/世貿,2026-01-29,33004,35787.82230154988
台北101/世貿,2026-01-30,35286,36784.862033009726
台北101/世貿,2026-01-31,29221,34891.233375100106
台北101/世貿,2026-02-01,25946,28000.328421516904
台北101/世貿,2026-02-02,34223,30377.62826761861
台北101/世貿,2026-02-03,43418,32860.39653290598
台北101/世貿,2026-02-04,42521,40798.86717404114
台北101/世貿,2026-02-05,45877,40784.47659460131
台北101/世貿,2026-02-06,52878,44690.43038969327
台北101/世貿,2026-02-07,48791,44878.90763244837
台北101/世貿,2026-02-08,40115,39993.08983809142
台北101/世貿,2026-02-09,32719,39457.942269697975
台北101/世貿,2026-02-10,33355,33218.870215694435
台北101/世貿,2026-02-11,33410,34612.751617089365
台北101/世貿,2026-02-12,32814,36127.954568998495
台北101/世貿,2026-02-13,32250,37984.4901575826
台北101/世貿,2026-02-14,27006,32460.978532101217
台北101/世貿,2026-02-15,22864,26523.318998304007
台北101/世貿,2026-02-16,16209,13463.749612632888
台北101/世貿,2026-02-17,25911,18468.242549542545
台北101/世貿,2026-02-18,26691,24645.419144653428
台北101/世貿,2026-02-19,29517,25972.11385018745
台北101/世貿,2026-02-20,28498,38526.16440065212
台北101/世貿,2026-02-21,28003,32276.660112237303
台北101/世貿,2026-02-22,21079,26443.518757213114
台北101/世貿,2026-02-23,28601,26992.65674308017
台北101/世貿,2026-02-24,29546,33037.07623342217
台北101/世貿,2026-02-25,30639,32412.39874575184
台北101/世貿,2026-02-26,32766,34561.228347242366
台北101/世貿,2026-02-27,31538,29561.11209831821
台北101/世貿,2026-02-28,32721,33785.77825281014
台北101/世貿,2026-03-01,26195,28258.428881356675
台北101/世貿,2026-03-02,32338,30541.575584176306
台北101/世貿,2026-03-03,30473,34827.136784964256
台北101/世貿,2026-03-04,31940,32591.770948776648
台北101/世貿,2026-03-05,33479,35149.688228388324
台北101/世貿,2026-03-06,38956,35662.563140570455
台北101/世貿,2026-03-07,37175,34640.68872476048
台北101/世貿,2026-03-08,30709,30568.32721590049
台北101/世貿,2026-03-09,34305,33694.28006884266
台北101/世貿,2026-03-10,31576,35001.548260393814
台北101/世貿,2026-03-11,34945,33065.78788306787
台北101/世貿,2026-03-12,34047,36710.69271411934
台北101/世貿,2026-03-13,38536,36590.04298997666
台北101/世貿,2026-03-14,37958,34800.37351443767
台北101/世貿,2026-03-15,32207,31076.65493829715
台北101/世貿,2026-03-16,33489,34806.6432825098
台北101/世貿,2026-03-17,32540,33634.067461710074
台北101/世貿,2026-03-18,32610,34079.05565122202
台北101/世貿,2026-03-19,33427,34581.223298246536
台北101/世貿,2026-03-20,39442,36749.39719990358
台北101/世貿,2026-03-21,38624,36084.95485810276
台北101/世貿,2026-03-22,31458,31691.18854167325
台北101/世貿,2026-03-23,36387,34053.86107429296
台北101/世貿,2026-03-24,31950,35275.82047930675
台北101/世貿,2026-03-25,32723,33333.84400693433
台北101/世貿,2026-03-26,34165,34399.9636850438
台北101/世貿,2026-03-27,34985,37786.942729875154
台北101/世貿,2026-03-28,31614,33688.10927486512
台北101/世貿,2026-03-29,27395,27274.92437183653
台北101/世貿,2026-03-30,33038,32089.07986243826
台北101/世貿,2026-03-31,31897,32581.998751737865
台北101/世貿,2026-04-01,32131,33280.7897736763
台北101/世貿,2026-04-02,34872,33929.17792660777
台北101/世貿,2026-04-03,29503,32230.853130007257
台北101/世貿,2026-04-04,29984,33404.59905972008
台北101/世貿,2026-04-05,28604,26215.715992778707
台北101/世貿,2026-04-06,25241,27610.64298841761
台北101/世貿,2026-04-07,30472,30851.455569976886
台北101/世貿,2026-04-08,31269,32215.201368734884
台北101/世貿,2026-04-09,32551,33592.288684022176
台北101/世貿,2026-04-10,38047,35737.10223688758
台北101/世貿,2026-04-11,38643,34740.24336064233
台北101/世貿,2026-04-12,32769,32221.497710179567
台北101/世貿,2026-04-13,34224,35136.703067270384
台北101/世貿,2026-04-14,31027,32829.610528781865
台北101/世貿,2026-04-15,31719,32227.22527386866
台北101/世貿,2026-04-16,33602,33703.01573451045
台北101/世貿,2026-04-17,36865,36770.53172816819
台北101/世貿,2026-04-18,36113,34559.26942397501
台北101/世貿,2026-04-19,31596,30785.725170180303
台北101/世貿,2026-04-20,32038,34236.28216649761
台北101/世貿,2026-04-21,32537,31087.72891784961
台北101/世貿,2026-04-22,32362,33194.14689217258
台北101/世貿,2026-04-23,32355,34001.33264116253
台北101/世貿,2026-04-24,35018,36012.46137565482
台北101/世貿,2026-04-25,31815,33809.95650966379
台北101/世貿,2026-04-26,28159,28206.12218071608
台北101/世貿,2026-04-27,32633,31727.75303612051
台北101/世貿,2026-04-28,31488,31844.49718283699
台北101/世貿,2026-04-29,32902,32297.296777239004
台北101/世貿,2026-04-30,35228,34093.77616064006
台北101/世貿,2026-05-01,33575,32092.29051963418
台北101/世貿,2026-05-02,33829,36073.41030035445
台北101/世貿,2026-05-03,29084,29364.43741890232
台北101/世貿,2026-05-04,37399,32366.598074368667
台北101/世貿,2026-05-05,33602,34916.335996305985
台北101/世貿,2026-05-06,31816,33564.770359898605
台北101/世貿,2026-05-07,32319,33466.564119021226
台北101/世貿,2026-05-08,34550,36080.05051776701
台北101/世貿,2026-05-09,31030,32684.094701984148
台北101/世貿,2026-05-10,24892,27669.779261367985
台北101/世貿,2026-05-11,31161,30701.514309556347
台北101/世貿,2026-05-12,32096,30738.185754469745
台北101/世貿,2026-05-13,32339,32532.486292796864
台北101/世貿,2026-05-14,32132,33676.96492606008
台北101/世貿,2026-05-15,35561,35684.035874007415
台北101/世貿,2026-05-16,30800,32985.45435288216
台北101/世貿,2026-05-17,26685,26939.92869128145
台北101/世貿,2026-05-18,31329,32121.539690227048
台北101/世貿,2026-05-19,31162,30986.1073592087
台北101/世貿,2026-05-20,32849,31830.07866063669
台北101/世貿,2026-05-21,32563,33729.459625114054
台北101/世貿,2026-05-22,39643,35873.44776972457
台北101/世貿,2026-05-23,40662,35193.963338680085
台北101/世貿,2026-05-24,35379,33112.86424311184
台北101/世貿,2026-05-25,36039,37261.09783403415
台北101/世貿,2026-05-26,31271,33791.24528681776
台北101/世貿,2026-05-27,31984,31902.129020690914
台北101/世貿,2026-05-28,32865,32906.270567535365
台北101/世貿,2026-05-29,37631,36820.19904130605
台北101/世貿,2026-05-30,37025,34827.05911721637
台北101/世貿,2026-05-31,31705,31237.58813078925
台北小巨蛋,2026-01-01,10157,11250.412840960407
台北小巨蛋,2026-01-02,27303,23650.208547724586
台北小巨蛋,2026-01-03,18949,18668.394611953157
台北小巨蛋,2026-01-04,9264,14466.88925439255
台北小巨蛋,2026-01-05,21675,20886.26269875252
台北小巨蛋,2026-01-06,22700,22559.04873504664
台北小巨蛋,2026-01-07,23007,23671.392251050147
台北小巨蛋,2026-01-08,23073,22632.95766030918
台北小巨蛋,2026-01-09,23422,24215.601970057
台北小巨蛋,2026-01-10,16853,18010.058849640878
台北小巨蛋,2026-01-11,14715,13030.674602570523
台北小巨蛋,2026-01-12,21633,21545.5353974116
台北小巨蛋,2026-01-13,22296,22905.939242144366
台北小巨蛋,2026-01-14,22613,23710.15102851528
台北小巨蛋,2026-01-15,23314,22653.646467837665
台北小巨蛋,2026-01-16,23091,24242.712494953183
台北小巨蛋,2026-01-17,16577,17853.432751800665
台北小巨蛋,2026-01-18,9898,13038.091972518054
台北小巨蛋,2026-01-19,21615,20617.2284539143
台北小巨蛋,2026-01-20,23658,22273.84258502291
台北小巨蛋,2026-01-21,22459,23498.0835407806
台北小巨蛋,2026-01-22,23101,22657.637114083904
台北小巨蛋,2026-01-23,28012,24015.10692368409
台北小巨蛋,2026-01-24,18454,18570.0510973078
台北小巨蛋,2026-01-25,10603,13608.30246893486
台北小巨蛋,2026-01-26,21280,21378.59386594681
台北小巨蛋,2026-01-27,23019,22735.116140535112
台北小巨蛋,2026-01-28,22903,23435.48366121261
台北小巨蛋,2026-01-29,22280,22844.522783520697
台北小巨蛋,2026-01-30,23221,24345.47039907646
台北小巨蛋,2026-01-31,20544,17581.207915323543
台北小巨蛋,2026-02-01,12134,13050.1161473461
台北小巨蛋,2026-02-02,23427,21575.60399650234
台北小巨蛋,2026-02-03,23832,23310.09472738121
台北小巨蛋,2026-02-04,24405,23817.67891908693
台北小巨蛋,2026-02-05,22369,23348.038644464643
台北小巨蛋,2026-02-06,22774,24649.668646475704
台北小巨蛋,2026-02-07,16251,18021.601129688654
台北小巨蛋,2026-02-08,12669,12154.878049537168
台北小巨蛋,2026-02-09,21555,21436.853508360844
台北小巨蛋,2026-02-10,22449,22818.54334141125
台北小巨蛋,2026-02-11,22908,23282.21905913919
台北小巨蛋,2026-02-12,23838,22598.85267478443
台北小巨蛋,2026-02-13,21943,24325.06369715653
台北小巨蛋,2026-02-14,12567,17673.621362464426
台北小巨蛋,2026-02-15,7032,11371.262351021662
台北小巨蛋,2026-02-16,4410,2615.351672676312
台北小巨蛋,2026-02-17,5613,4582.036305220045
台北小巨蛋,2026-02-18,5988,5499.0797133746855
台北小巨蛋,2026-02-19,6781,5211.974408556249
台北小巨蛋,2026-02-20,12123,12275.713183653375
台北小巨蛋,2026-02-21,13192,17403.479532636647
台北小巨蛋,2026-02-22,12724,11219.039105121688
台北小巨蛋,2026-02-23,21049,21386.800803583057
台北小巨蛋,2026-02-24,26345,22622.22426073468
台北小巨蛋,2026-02-25,26872,23873.4805117137
台北小巨蛋,2026-02-26,23170,23997.638470487807
台北小巨蛋,2026-02-27,12912,12791.708740580532
台北小巨蛋,2026-02-28,12795,17339.647713949595
台北小巨蛋,2026-03-01,10608,11513.220045242724
台北小巨蛋,2026-03-02,22485,21114.96078568254
台北小巨蛋,2026-03-03,22643,23156.349701699783
台北小巨蛋,2026-03-04,27645,23574.961272879194
台北小巨蛋,2026-03-05,23382,23708.778271646417
台北小巨蛋,2026-03-06,23965,24402.59837514546
台北小巨蛋,2026-03-07,16696,16588.276747029715
台北小巨蛋,2026-03-08,15859,12077.074391578057
台北小巨蛋,2026-03-09,21777,22620.62847375445
台北小巨蛋,2026-03-10,22730,23849.551783571165
台北小巨蛋,2026-03-11,23832,24491.908964835617
台北小巨蛋,2026-03-12,23363,23184.381730646288
台北小巨蛋,2026-03-13,23036,24074.070816150885
台北小巨蛋,2026-03-14,14885,16168.651506104236
台北小巨蛋,2026-03-15,11977,11922.62442591168
台北小巨蛋,2026-03-16,21766,21500.361159139204
台北小巨蛋,2026-03-17,23217,23088.114073986588
台北小巨蛋,2026-03-18,23735,24218.51660573561
台北小巨蛋,2026-03-19,23096,23012.769901137144
台北小巨蛋,2026-03-20,23707,23792.92646516227
台北小巨蛋,2026-03-21,19485,16065.394878674671
台北小巨蛋,2026-03-22,18581,12890.308588946154
台北小巨蛋,2026-03-23,21746,23284.0941515622
台北小巨蛋,2026-03-24,23711,24127.62254850881
台北小巨蛋,2026-03-25,24208,24865.8362163636
台北小巨蛋,2026-03-26,23571,23538.4455915292
台北小巨蛋,2026-03-27,23348,24157.26061184465
台北小巨蛋,2026-03-28,15610,16576.22218672257
台北小巨蛋,2026-03-29,11247,12873.171294787311
台北小巨蛋,2026-03-30,21532,21363.849043526207
台北小巨蛋,2026-03-31,22865,23001.662244714
台北小巨蛋,2026-04-01,23111,23982.879174789192
台北小巨蛋,2026-04-02,22766,22860.53405231087
台北小巨蛋,2026-04-03,10962,11815.330107866885
台北小巨蛋,2026-04-04,17785,16078.983516419808
台北小巨蛋,2026-04-05,16962,12946.510297469616
台北小巨蛋,2026-04-06,9231,10815.421665193173
台北小巨蛋,2026-04-07,22158,23552.357583737867
台北小巨蛋,2026-04-08,23529,24082.601736563876
台北小巨蛋,2026-04-09,23708,23052.50384114864
台北小巨蛋,2026-04-10,25704,23700.361735624385
台北小巨蛋,2026-04-11,21818,16994.32501540296
台北小巨蛋,2026-04-12,17042,14553.39016239483
台北小巨蛋,2026-04-13,22016,23074.59752523622
台北小巨蛋,2026-04-14,23003,24037.753530785994
台北小巨蛋,2026-04-15,23487,24544.151412974326
台北小巨蛋,2026-04-16,23056,23433.0319330432
台北小巨蛋,2026-04-17,24939,23962.55224757004
台北小巨蛋,2026-04-18,16672,17443.016044049615
台北小巨蛋,2026-04-19,15157,13867.826821777013
台北小巨蛋,2026-04-20,21582,21959.049261550776
台北小巨蛋,2026-04-21,22265,23241.279930869605
台北小巨蛋,2026-04-22,22737,23890.19110288261
台北小巨蛋,2026-04-23,22656,22949.911809764
台北小巨蛋,2026-04-24,23411,23762.65622936401
台北小巨蛋,2026-04-25,17878,16960.590624093176
台北小巨蛋,2026-04-26,15359,13989.737914891077
台北小巨蛋,2026-04-27,21450,21897.60990527638
台北小巨蛋,2026-04-28,22839,23090.59709385734
台北小巨蛋,2026-04-29,22845,23838.08880577631
台北小巨蛋,2026-04-30,23070,22986.135281256305
台北小巨蛋,2026-05-01,11637,12169.96994230928
台北小巨蛋,2026-05-02,11105,17100.938272911866
台北小巨蛋,2026-05-03,13865,12918.873835680612
台北小巨蛋,2026-05-04,21866,20822.66466681648
台北小巨蛋,2026-05-05,23183,22518.360259953224
台北小巨蛋,2026-05-06,22789,23461.086049426434
台北小巨蛋,2026-05-07,22626,22832.419058210584
台北小巨蛋,2026-05-08,23072,23623.94128736223
台北小巨蛋,2026-05-09,20350,16315.826186708658
台北小巨蛋,2026-05-10,16211,14700.860415036888
台北小巨蛋,2026-05-11,20947,22350.160016737787
台北小巨蛋,2026-05-12,21689,23256.498037795987
台北小巨蛋,2026-05-13,22477,23485.10732170392
台北小巨蛋,2026-05-14,22074,22821.70420708356
台北小巨蛋,2026-05-15,26338,23455.50944140768
台北小巨蛋,2026-05-16,17484,17192.091519448906
台北小巨蛋,2026-05-17,15751,14672.604054652482
台北小巨蛋,2026-05-18,21074,22007.68438167872
台北小巨蛋,2026-05-19,21684,22998.598124798576
台北小巨蛋,2026-05-20,22528,23302.050108897343
台北小巨蛋,2026-05-21,22275,22710.03234003868
台北小巨蛋,2026-05-22,22379,23779.175873973472
台北小巨蛋,2026-05-23,18291,16571.92021094655
台北小巨蛋,2026-05-24,10206,14535.728814850336
台北小巨蛋,2026-05-25,20740,20664.21966737405
台北小巨蛋,2026-05-26,21707,22041.822273733764
台北小巨蛋,2026-05-27,22637,22738.42767992196
台北小巨蛋,2026-05-28,22651,22395.879599140244
台北小巨蛋,2026-05-29,23295,23605.85447697605
台北小巨蛋,2026-05-30,18996,16888.171683716297
台北小巨蛋,2026-05-31,15657,14295.303743227956
台北橋,2026-01-01,9430,8700.498242430796
台北橋,2026-01-02,11308,11509.658636951985
台北橋,2026-01-03,10621,10516.343793963852
台北橋,2026-01-04,8731,8507.949061827665
台北橋,2026-01-05,10432,10160.736978141278
台北橋,2026-01-06,10412,10465.301026568335
台北橋,2026-01-07,10577,10632.291358074715
台北橋,2026-01-08,10794,10580.812789952768
台北橋,2026-01-09,11538,11314.6905666715
台北橋,2026-01-10,10930,10533.877838964489
台北橋,2026-01-11,9139,8603.52870041128
台北橋,2026-01-12,10363,10302.75148299488
台北橋,2026-01-13,10673,10477.77936686182
台北橋,2026-01-14,10654,10700.213039831096
台北橋,2026-01-15,10733,10631.4290723736
台北橋,2026-01-16,11625,11321.268079723564
台北橋,2026-01-17,10876,10577.013675607424
台北橋,2026-01-18,8596,8625.129008885957
台北橋,2026-01-19,10142,10164.202131255635
台北橋,2026-01-20,11237,10394.9318481949
台北橋,2026-01-21,10306,10818.596220289375
台北橋,2026-01-22,10254,10578.94053445104
台北橋,2026-01-23,11536,11199.899444682049
台北橋,2026-01-24,11173,10535.167017407166
台北橋,2026-01-25,9343,8685.082936491417
台北橋,2026-01-26,10409,10371.298396856437
台北橋,2026-01-27,10221,10564.914162932551
台北橋,2026-01-28,10557,10559.962899349077
台北橋,2026-01-29,10965,10565.905893715284
台北橋,2026-01-30,11743,11403.358105328258
台北橋,2026-01-31,10572,10672.151046984389
台北橋,2026-02-01,8442,8593.26034347474
台北橋,2026-02-02,10132,10107.971603274673
台北橋,2026-02-03,10691,10406.037726306497
台北橋,2026-02-04,10981,10644.268039199327
台北橋,2026-02-05,10870,10719.234888426963
台北橋,2026-02-06,11518,11432.07554440502
台北橋,2026-02-07,11124,10611.42342516633
台北橋,2026-02-08,9278,8712.998571116415
台北橋,2026-02-09,10580,10357.809639870697
台北橋,2026-02-10,11017,10601.563517201486
台北橋,2026-02-11,10871,10793.665971449054
台北橋,2026-02-12,11220,10733.3929793133
台北橋,2026-02-13,11678,11528.66462013522
台北橋,2026-02-14,9446,10704.991658261371
台北橋,2026-02-15,7963,8329.09527125982
台北橋,2026-02-16,5490,6258.119190615967
台北橋,2026-02-17,7237,6476.68047287785
台北橋,2026-02-18,7990,6977.98474176862
台北橋,2026-02-19,8754,7257.0929581091295
台北橋,2026-02-20,9315,9930.328371091626
台北橋,2026-02-21,10178,10621.418243742391
台北橋,2026-02-22,8535,8494.026642248355
台北橋,2026-02-23,10077,10076.327198250325
台北橋,2026-02-24,10369,10473.141404422127
台北橋,2026-02-25,10954,10637.515183959951
台北橋,2026-02-26,11437,10809.827723543343
台北橋,2026-02-27,10651,9591.76328671982
台北橋,2026-02-28,11443,10861.209985815944
台北橋,2026-03-01,8607,8890.71786072238
台北橋,2026-03-02,10251,10196.701445370829
台北橋,2026-03-03,10368,10543.873183134936
台北橋,2026-03-04,10526,10675.278052965432
台北橋,2026-03-05,10859,10740.584522446854
台北橋,2026-03-06,11572,11432.336649871522
台北橋,2026-03-07,11767,10580.78409704025
台北橋,2026-03-08,9209,8877.307436560543
台北橋,2026-03-09,10299,10355.44999982743
台北橋,2026-03-10,10703,10586.677198404805
台北橋,2026-03-11,10826,10767.061173663991
台北橋,2026-03-12,10791,10850.752767155824
台北橋,2026-03-13,11740,11449.984257892467
台北橋,2026-03-14,11329,10693.16660809796
台北橋,2026-03-15,9129,8794.703834352076
台北橋,2026-03-16,10247,10305.547487555425
台北橋,2026-03-17,10699,10567.569861647831
台北橋,2026-03-18,10616,10762.631457435848
台北橋,2026-03-19,10494,10791.401826002557
台北橋,2026-03-20,11509,11375.257751996722
台北橋,2026-03-21,11247,10646.3461305466
台北橋,2026-03-22,9573,8770.952824139298
台北橋,2026-03-23,10253,10405.56371050093
台北橋,2026-03-24,10385,10603.307812709088
台北橋,2026-03-25,10633,10680.90947157829
台北橋,2026-03-26,10587,10760.048251393751
台北橋,2026-03-27,11549,11403.065401512737
台北橋,2026-03-28,10787,10695.853853015176
台北橋,2026-03-29,8383,8701.55406550063
台北橋,2026-03-30,10201,10060.78682330882
台北橋,2026-03-31,10259,10490.66785714689
台北橋,2026-04-01,10525,10619.64713235215
台北橋,2026-04-02,11292,10707.214995059534
台北橋,2026-04-03,9491,9623.972884069372
台北橋,2026-04-04,8786,10719.662879487483
台北橋,2026-04-05,8928,8173.489509186037
台北橋,2026-04-06,7402,8118.810020405413
台北橋,2026-04-07,10314,10262.97745673926
台北橋,2026-04-08,10450,10572.892094671235
台北橋,2026-04-09,10811,10709.783490739434
台北橋,2026-04-10,11576,11442.735680503116
台北橋,2026-04-11,11088,10610.155911807413
台北橋,2026-04-12,9082,8808.17455571092
台北橋,2026-04-13,10248,10229.808773778866
台北橋,2026-04-14,10419,10544.556136921708
台北橋,2026-04-15,10497,10665.2558498354
台北橋,2026-04-16,10452,10753.621643290426
台北橋,2026-04-17,11282,11367.437895171362
台北橋,2026-04-18,10550,10538.612024038352
台北橋,2026-04-19,8713,8660.175945155006
台北橋,2026-04-20,10057,10092.92545905779
台北橋,2026-04-21,10328,10452.73843773992
台北橋,2026-04-22,10600,10610.351242045732
台北橋,2026-04-23,10179,10751.568376795856
台北橋,2026-04-24,11134,11296.234842353811
台北橋,2026-04-25,9936,10484.174478942892
台北橋,2026-04-26,9323,8490.781976648177
台北橋,2026-04-27,10372,10203.36938898109
台北橋,2026-04-28,10550,10555.962038443064
台北橋,2026-04-29,10436,10695.432585930155
台北橋,2026-04-30,11347,10699.32429724472
台北橋,2026-05-01,10180,9624.985426608328
台北橋,2026-05-02,10472,10788.69914675844
台北橋,2026-05-03,8185,8762.299924076466
台北橋,2026-05-04,10397,9977.905263227893
台北橋,2026-05-05,10695,10501.142537026944
台北橋,2026-05-06,11026,10704.16408043136
台北橋,2026-05-07,10647,10893.243760691072
台北橋,2026-05-08,11188,11474.376512093724
台北橋,2026-05-09,9978,10489.871435374733
台北橋,2026-05-10,8226,8530.47799581501
台北橋,2026-05-11,10392,9960.199884583695
台北橋,2026-05-12,10354,10500.01040944203
台北橋,2026-05-13,10234,10631.07672272816
台北橋,2026-05-14,10715,10652.258634946593
台北橋,2026-05-15,11874,11417.229068049592
台北橋,2026-05-16,11333,10627.020956558865
台北橋,2026-05-17,9214,8905.156442947937
台北橋,2026-05-18,9995,10340.69274004782
台北橋,2026-05-19,10351,10481.940458892946
台北橋,2026-05-20,10490,10605.677915596028
台北橋,2026-05-21,10518,10720.69966163676
台北橋,2026-05-22,11409,11408.733783399684
台北橋,2026-05-23,11082,10537.66282547718
台北橋,2026-05-24,8713,8824.294155387855
台北橋,2026-05-25,10173,10167.159499428046
台北橋,2026-05-26,10336,10480.36840461577
台北橋,2026-05-27,10743,10596.622197033354
台北橋,2026-05-28,10855,10773.958012566458
台北橋,2026-05-29,11893,11512.554778564398
台北橋,2026-05-30,10769,10720.039883060548
台北橋,2026-05-31,8817,8776.869287900998
台北車站,2026-01-01,129284,140634.36615318566
台北車站,2026-01-02,154199,158512.84204605708
台北車站,2026-01-03,144849,162711.5037732787
台北車站,2026-01-04,138997,152302.9692980141
台北車站,2026-01-05,139850,136311.34063246628
台北車站,2026-01-06,135415,145230.0795363831
台北車站,2026-01-07,136629,142334.2248355319
台北車站,2026-01-08,138213,135287.81173597707
台北車站,2026-01-09,159043,162232.21171978733
台北車站,2026-01-10,168943,157854.47665699603
台北車站,2026-01-11,145713,161641.98056551928
台北車站,2026-01-12,136695,139140.31587650275
台北車站,2026-01-13,134508,141180.54245373292
台北車站,2026-01-14,136199,139857.710264829
台北車站,2026-01-15,139119,135152.98051546974
台北車站,2026-01-16,160529,161439.14082856532
台北車站,2026-01-17,152466,160590.79409063075
台北車站,2026-01-18,151472,146079.3432253595
台北車站,2026-01-19,139607,144228.22526023458
台北車站,2026-01-20,141251,138748.01439773818
台北車站,2026-01-21,135094,142269.24538847883
台北車站,2026-01-22,138248,135111.37729529815
台北車站,2026-01-23,160284,160802.4559705535
台北車站,2026-01-24,162476,159128.89057430183
台北車站,2026-01-25,155294,152407.7774783324
台北車站,2026-01-26,147271,143547.07223430809
台北車站,2026-01-27,143667,143348.5634493161
台北車站,2026-01-28,144585,140341.81464786746
台北車站,2026-01-29,150705,141795.61472216618
台北車站,2026-01-30,168389,166669.61696669398
台北車站,2026-01-31,172229,162718.45372409376
台北車站,2026-02-01,150137,158786.0900412892
台北車站,2026-02-02,142351,140132.9515156693
台北車站,2026-02-03,144788,141753.36415297684
台北車站,2026-02-04,151580,142144.31013707438
台北車站,2026-02-05,161315,148499.55298795097
台北車站,2026-02-06,181691,172493.81883423764
台北車站,2026-02-07,173125,172472.40811447398
台北車站,2026-02-08,154321,155426.49937635087
台北車站,2026-02-09,146863,143808.59273988724
台北車站,2026-02-10,146902,144683.12181149982
台北車站,2026-02-11,145147,146105.0654618007
台北車站,2026-02-12,148624,149009.37523754386
台北車站,2026-02-13,145275,168791.46961837375
台北車站,2026-02-14,123047,153486.31035484115
台北車站,2026-02-15,99933,129501.21109872352
台北車站,2026-02-16,66390,82325.02048246434
台北車站,2026-02-17,104503,89347.29609876662
台北車站,2026-02-18,124149,111241.26757380468
台北車站,2026-02-19,150539,122348.29026556115
台北車站,2026-02-20,157621,179633.8479013004
台北車站,2026-02-21,166313,149067.7115675607
台北車站,2026-02-22,156166,145164.65637046087
台北車站,2026-02-23,146103,141583.54273507616
台北車站,2026-02-24,137421,149476.28994317952
台北車站,2026-02-25,143493,144773.19015698202
台北車站,2026-02-26,162466,158276.36479350738
台北車站,2026-02-27,159754,158818.33342891425
台北車站,2026-02-28,165469,155773.4572981647
台北車站,2026-03-01,153746,144597.096557275
台北車站,2026-03-02,140342,140508.29679780034
台北車站,2026-03-03,131034,143993.90507226993
台北車站,2026-03-04,139634,142416.80685636512
台北車站,2026-03-05,143659,160223.75640651866
台北車站,2026-03-06,169217,150236.7159281489
台北車站,2026-03-07,179366,166313.62895966743
台北車站,2026-03-08,157726,155243.60517515783
台北車站,2026-03-09,143282,141760.5628401361
台北車站,2026-03-10,137308,140615.4097890739
台北車站,2026-03-11,148071,144706.6009001582
台北車站,2026-03-12,145995,159617.46249707942
台北車站,2026-03-13,170652,156494.15988816987
台北車站,2026-03-14,177740,171497.66787296362
台北車站,2026-03-15,168553,155453.1311991011
台北車站,2026-03-16,147217,148756.65140663777
台北車站,2026-03-17,142138,139524.14592336127
台北車站,2026-03-18,146220,148154.62771113712
台北車站,2026-03-19,145765,152567.05536682546
台北車站,2026-03-20,185024,162416.88004912165
台北車站,2026-03-21,192112,182709.1701792421
台北車站,2026-03-22,194438,165973.0369028976
台北車站,2026-03-23,150946,162154.38807289276
台北車站,2026-03-24,140097,139190.2554225962
台北車站,2026-03-25,143114,146894.2547515252
台北車站,2026-03-26,147056,148018.71810162606
台北車站,2026-03-27,164309,171169.7855052384
台北車站,2026-03-28,169410,173439.12402108478
台北車站,2026-03-29,159258,164896.07792561696
台北車站,2026-03-30,143694,140438.10783688133
台北車站,2026-03-31,136547,139598.57798631422
台北車站,2026-04-01,138032,143525.11330516267
台北車站,2026-04-02,156925,144780.2586049258
台北車站,2026-04-03,142465,173850.3103036872
台北車站,2026-04-04,142363,160660.71971781904
台北車站,2026-04-05,154439,152325.39413554568
台北車站,2026-04-06,158951,137283.00675645398
台北車站,2026-04-07,153983,149665.25084503955
台北車站,2026-04-08,140271,149377.0054796193
台北車站,2026-04-09,149332,147875.53998755963
台北車站,2026-04-10,172958,162882.05335613576
台北車站,2026-04-11,178833,171791.6702698937
台北車站,2026-04-12,161099,169811.7902459522
台北車站,2026-04-13,142886,147314.63241271698
台北車站,2026-04-14,136814,139279.06830238536
台北車站,2026-04-15,137921,138799.85273720417
台北車站,2026-04-16,141483,149614.56533806145
台北車站,2026-04-17,162813,158719.1566998927
台北車站,2026-04-18,165931,167546.58954191965
台北車站,2026-04-19,160357,161030.82209678614
台北車站,2026-04-20,141587,148754.87931472593
台北車站,2026-04-21,135567,137928.5045689797
台北車站,2026-04-22,136718,137349.93542897698
台北車站,2026-04-23,140851,146632.68179040277
台北車站,2026-04-24,163367,160779.73724631817
台北車站,2026-04-25,172813,168180.63983854296
台北車站,2026-04-26,170042,164059.38295881022
台北車站,2026-04-27,143887,150879.67478683448
台北車站,2026-04-28,139087,137249.43966619868
台北車站,2026-04-29,141794,139181.05907959558
台北車站,2026-04-30,164233,146797.84890928294
台北車站,2026-05-01,155606,171528.23602205422
台北車站,2026-05-02,162082,163752.35359207957
台北車站,2026-05-03,166039,160818.76263074882
台北車站,2026-05-04,154428,147102.13085352082
台北車站,2026-05-05,140730,144097.48595059154
台北車站,2026-05-06,141577,139386.96051122155
台北車站,2026-05-07,142157,151532.15570932554
台北車站,2026-05-08,162662,157435.40351750373
台北車站,2026-05-09,150311,168778.69868281946
台北車站,2026-05-10,151134,154748.1867867854
台北車站,2026-05-11,144869,141843.18970764015
台北車站,2026-05-12,135833,139233.3003476223
台北車站,2026-05-13,137709,138293.1265171214
台北車站,2026-05-14,137010,148393.45179960135
台北車站,2026-05-15,177822,155063.384081886
台北車站,2026-05-16,175395,172663.33865588214
台北車站,2026-05-17,175296,166619.88639789505
台北車站,2026-05-18,143151,154710.77474343817
台北車站,2026-05-19,137178,134344.43497822544
台北車站,2026-05-20,142932,139884.70029618737
台北車站,2026-05-21,142989,146820.58916122533
台北車站,2026-05-22,172501,165234.15302543988
台北車站,2026-05-23,181274,168211.9947062346
台北車站,2026-05-24,169585,173162.77969667292
台北車站,2026-05-25,143583,147132.56022121885
台北車站,2026-05-26,139225,136184.04108779438
台北車站,2026-05-27,141189,141636.39416975633
台北車站,2026-05-28,141215,143645.84705561856
台北車站,2026-05-29,163824,168382.65443942443
台北車站,2026-05-30,171856,167521.85356505794
台北車站,2026-05-31,159635,168436.20560961767
台大醫院,2026-01-01,9443,10566.971950813277
台大醫院,2026-01-02,24006,26293.54580970295
台大醫院,2026-01-03,10509,11409.604736634805
台大醫院,2026-01-04,8317,9589.810631536546
台大醫院,2026-01-05,25558,24935.63839131082
台大醫院,2026-01-06,25591,25830.081348111285
台大醫院,2026-01-07,25781,25952.857209913327
台大醫院,2026-01-08,26071,25275.31797220471
台大醫院,2026-01-09,25337,26158.247025413737
台大醫院,2026-01-10,10657,11571.116703437014
台大醫院,2026-01-11,10069,9641.282014537925
台大醫院,2026-01-12,25482,25375.693750005117
台大醫院,2026-01-13,25868,26037.338238197368
台大醫院,2026-01-14,25527,26125.173806773226
台大醫院,2026-01-15,26194,25450.202370402912
台大醫院,2026-01-16,25394,26140.268798700905
台大醫院,2026-01-17,10483,11527.100246381897
台大醫院,2026-01-18,8712,9699.361140925454
台大醫院,2026-01-19,24847,25206.70291318248
台大醫院,2026-01-20,26139,25810.304747330123
台大醫院,2026-01-21,25243,25961.133914228347
台大醫院,2026-01-22,25637,25428.93511260395
台大醫院,2026-01-23,26231,25910.748216668384
台大醫院,2026-01-24,10748,11432.771903292543
台大醫院,2026-01-25,9088,9643.236637778213
台大醫院,2026-01-26,25472,25253.850722847044
台大醫院,2026-01-27,25965,25990.315906880096
台大醫院,2026-01-28,26105,25951.448185272213
台大醫院,2026-01-29,25161,25619.816585673456
台大醫院,2026-01-30,25227,25987.00362713429
台大醫院,2026-01-31,11234,11242.827037479388
台大醫院,2026-02-01,8261,9574.84891409524
台大醫院,2026-02-02,25421,25157.255734807077
台大醫院,2026-02-03,26609,25902.446681186924
台大醫院,2026-02-04,25820,26001.365963381384
台大醫院,2026-02-05,25395,25552.34046368346
台大醫院,2026-02-06,25967,25925.60682146409
台大醫院,2026-02-07,10564,11358.534847940697
台大醫院,2026-02-08,8117,9413.029876280134
台大醫院,2026-02-09,25577,25155.271228598034
台大醫院,2026-02-10,25977,25981.267845796126
台大醫院,2026-02-11,25538,25893.99093510445
台大醫院,2026-02-12,24734,25437.288570554447
台大醫院,2026-02-13,23022,25772.56924066297
台大醫院,2026-02-14,7236,10755.829051050385
台大醫院,2026-02-15,5798,8464.155977401018
台大醫院,2026-02-16,3565,4856.160867287406
台大醫院,2026-02-17,4473,5577.066072071502
台大醫院,2026-02-18,5176,5482.30150452385
台大醫院,2026-02-19,5957,5169.161900838146
台大醫院,2026-02-20,7931,10108.668834997972
台大醫院,2026-02-21,7479,10123.863019499937
台大醫院,2026-02-22,6946,8043.557935721636
台大醫院,2026-02-23,26334,24287.419473421018
台大醫院,2026-02-24,26611,25460.668202764184
台大醫院,2026-02-25,26244,25647.38740513692
台大醫院,2026-02-26,26602,25430.84771790308
台大醫院,2026-02-27,10182,10474.050835242304
台大醫院,2026-02-28,10474,10542.443740323832
台大醫院,2026-03-01,8796,8806.784832547784
台大醫院,2026-03-02,26836,25350.54683955128
台大醫院,2026-03-03,26001,26205.9243934144
台大醫院,2026-03-04,26858,26033.247177107296
台大醫院,2026-03-05,26404,25856.857009547824
台大醫院,2026-03-06,27886,25611.183865052488
台大醫院,2026-03-07,11677,11017.833767910144
台大醫院,2026-03-08,9592,9291.646006067998
台大醫院,2026-03-09,26329,25947.948112361373
台大醫院,2026-03-10,26972,26396.51768438561
台大醫院,2026-03-11,27414,26399.12562987689
台大醫院,2026-03-12,25889,26176.52640853121
台大醫院,2026-03-13,26698,25956.47414429833
台大醫院,2026-03-14,12546,10986.399838671872
台大醫院,2026-03-15,10686,9378.695472676778
台大醫院,2026-03-16,25357,26181.19576872924
台大醫院,2026-03-17,26119,26446.554474553937
台大醫院,2026-03-18,26502,26383.738316684685
台大醫院,2026-03-19,25616,25934.13969397473
台大醫院,2026-03-20,27609,25864.624857693707
台大醫院,2026-03-21,12283,11170.434627301462
台大醫院,2026-03-22,10855,9493.423886261504
台大醫院,2026-03-23,26097,26096.193105528197
台大醫院,2026-03-24,26156,26518.54841005534
台大醫院,2026-03-25,26488,26473.606557219075
台大醫院,2026-03-26,25057,25946.045298657875
台大醫院,2026-03-27,26190,26009.5523771969
台大醫院,2026-03-28,11648,11064.771234069449
台大醫院,2026-03-29,11950,9405.016847850651
台大醫院,2026-03-30,26353,26091.52741938796
台大醫院,2026-03-31,25743,26511.984133677157
台大醫院,2026-04-01,25929,26439.503121140333
台大醫院,2026-04-02,25096,25746.130213693297
台大醫院,2026-04-03,9400,10964.40359161356
台大醫院,2026-04-04,7858,10840.188127174368
台大醫院,2026-04-05,7953,8964.263390508766
台大醫院,2026-04-06,7449,10079.974240801335
台大醫院,2026-04-07,26820,25203.454382946133
台大醫院,2026-04-08,26776,25733.61647617979
台大醫院,2026-04-09,26002,25366.71540630311
台大醫院,2026-04-10,26556,25726.235052262517
台大醫院,2026-04-11,12734,10767.759892015669
台大醫院,2026-04-12,10065,9707.936453676202
台大醫院,2026-04-13,26583,25651.68248020305
台大醫院,2026-04-14,25949,26517.0116336524
台大醫院,2026-04-15,26329,26469.594325985083
台大醫院,2026-04-16,25562,25780.12213233811
台大醫院,2026-04-17,26015,25978.568879904567
台大醫院,2026-04-18,11419,11009.685746888104
台大醫院,2026-04-19,9623,9581.41329552898
台大醫院,2026-04-20,25490,25579.94521570236
台大醫院,2026-04-21,26308,26193.23061892509
台大醫院,2026-04-22,26048,26333.320430541826
台大醫院,2026-04-23,25812,25637.573493916043
台大醫院,2026-04-24,26505,25940.676227351243
台大醫院,2026-04-25,11799,11098.304645428228
台大醫院,2026-04-26,10227,9666.369471247684
台大醫院,2026-04-27,26664,25708.673178009405
台大醫院,2026-04-28,27005,26459.291653666634
台大醫院,2026-04-29,27650,26566.207172470127
台大醫院,2026-04-30,28580,26054.238620779288
台大醫院,2026-05-01,10366,11644.939208516744
台大醫院,2026-05-02,10520,11441.743359286616
台大醫院,2026-05-03,8899,9722.512036858612
台大醫院,2026-05-04,30131,25623.33860853857
台大醫院,2026-05-05,28992,26881.529957823437
台大醫院,2026-05-06,29206,27200.50825550753
台大醫院,2026-05-07,27455,26887.543896229672
台大醫院,2026-05-08,27907,26718.58079726249
台大醫院,2026-05-09,11174,11832.599720379158
台大醫院,2026-05-10,8019,10046.236492358714
台大醫院,2026-05-11,25598,26265.9139654538
台大醫院,2026-05-12,26103,26573.7995035448
台大醫院,2026-05-13,26267,26663.20655164988
台大醫院,2026-05-14,25107,26044.691422830536
台大醫院,2026-05-15,26285,25921.83375452229
台大醫院,2026-05-16,11774,10925.749506282848
台大醫院,2026-05-17,9783,9361.430309669742
台大醫院,2026-05-18,26472,26145.931468716968
台大醫院,2026-05-19,26433,26612.805821768783
台大醫院,2026-05-20,26882,26726.46541940714
台大醫院,2026-05-21,26463,26096.803358483587
台大醫院,2026-05-22,26462,26254.72678091276
台大醫院,2026-05-23,12169,11233.010019096311
台大醫院,2026-05-24,9754,9600.66160158768
台大醫院,2026-05-25,26896,26305.07136676305
台大醫院,2026-05-26,26706,26733.337814003866
台大醫院,2026-05-27,28358,26873.486199197847
台大醫院,2026-05-28,26674,26428.02297858839
台大醫院,2026-05-29,26043,26499.275807749265
台大醫院,2026-05-30,11741,11423.063337997026
台大醫院,2026-05-31,9502,9614.44645016363
台電大樓,2026-01-01,9673,11431.958998889564
台電大樓,2026-01-02,16786,17595.452592817583
台電大樓,2026-01-03,13641,14219.136276732392
台電大樓,2026-01-04,10848,11633.924278341883
台電大樓,2026-01-05,14891,14728.57347231258
台電大樓,2026-01-06,16373,16096.4536488093
台電大樓,2026-01-07,16334,16909.877260692047
台電大樓,2026-01-08,16449,16446.96215579185
台電大樓,2026-01-09,17293,17677.90746289238
台電大樓,2026-01-10,14198,14364.134520571966
台電大樓,2026-01-11,11721,11735.210326800325
台電大樓,2026-01-12,15056,15124.85360617826
台電大樓,2026-01-13,15736,16223.92960650547
台電大樓,2026-01-14,16142,16444.488992905182
台電大樓,2026-01-15,16241,16498.498792415645
台電大樓,2026-01-16,17363,17600.88649426894
台電大樓,2026-01-17,13559,14406.703054397623
台電大樓,2026-01-18,11558,11549.479921667888
台電大樓,2026-01-19,15240,14986.836036646908
台電大樓,2026-01-20,16281,16163.56660377702
台電大樓,2026-01-21,16217,16663.480242845602
台電大樓,2026-01-22,16542,16539.912251954815
台電大樓,2026-01-23,17747,17740.826978895835
台電大樓,2026-01-24,14767,14458.870210419003
台電大樓,2026-01-25,12521,12079.551511338592
台電大樓,2026-01-26,15054,15508.251485036944
台電大樓,2026-01-27,16050,16226.966051037718
台電大樓,2026-01-28,15996,16526.125242366285
台電大樓,2026-01-29,16239,16463.278173127434
台電大樓,2026-01-30,16995,17631.47710716685
台電大樓,2026-01-31,14382,14271.137755568536
台電大樓,2026-02-01,11490,11949.061759725491
台電大樓,2026-02-02,14938,14953.263648886135
台電大樓,2026-02-03,16190,16071.49419976602
台電大樓,2026-02-04,16389,16519.603185215085
台電大樓,2026-02-05,16331,16592.781266675465
台電大樓,2026-02-06,17733,17586.66898339444
台電大樓,2026-02-07,14770,14580.153946162594
台電大樓,2026-02-08,12046,12032.084334176274
台電大樓,2026-02-09,15362,15250.513414325758
台電大樓,2026-02-10,16115,16321.659831671324
台電大樓,2026-02-11,16482,16557.525766375988
台電大樓,2026-02-12,16330,16607.6639743031
台電大樓,2026-02-13,15952,17680.530055069128
台電大樓,2026-02-14,10917,13877.802997364171
台電大樓,2026-02-15,8459,10396.015278258305
台電大樓,2026-02-16,5398,2975.372680902543
台電大樓,2026-02-17,5581,5674.70460785238
台電大樓,2026-02-18,6443,5999.322918463482
台電大樓,2026-02-19,6893,6229.590493678372
台電大樓,2026-02-20,8011,11682.755396520122
台電大樓,2026-02-21,12304,12707.70588851086
台電大樓,2026-02-22,11417,10524.557770346146
台電大樓,2026-02-23,14763,15242.242173749864
台電大樓,2026-02-24,16071,15964.984999922202
台電大樓,2026-02-25,17093,16583.83104835409
台電大樓,2026-02-26,17327,16971.335087776457
台電大樓,2026-02-27,13921,11153.388347388787
台電大樓,2026-02-28,13164,15315.580736873038
台電大樓,2026-03-01,11320,11596.678558571615
台電大樓,2026-03-02,15743,14995.16019140428
台電大樓,2026-03-03,16395,16404.69937850343
台電大樓,2026-03-04,17134,16826.584581158844
台電大樓,2026-03-05,17469,17019.6480189379
台電大樓,2026-03-06,18264,18269.61758471317
台電大樓,2026-03-07,16087,14274.686738920576
台電大樓,2026-03-08,13221,12553.841864524196
台電大樓,2026-03-09,15505,16085.006067023263
台電大樓,2026-03-10,17023,16445.66418172095
台電大樓,2026-03-11,17014,17088.496139915034
台電大樓,2026-03-12,17045,17048.744124760226
台電大樓,2026-03-13,18727,17869.281892122108
台電大樓,2026-03-14,17003,14971.280136852358
台電大樓,2026-03-15,13658,13086.989338754383
台電大樓,2026-03-16,15680,16152.77487526116
台電大樓,2026-03-17,16686,16655.251344316282
台電大樓,2026-03-18,17325,16919.1991541411
台電大樓,2026-03-19,17087,17106.481171035477
台電大樓,2026-03-20,18510,18026.741451402893
台電大樓,2026-03-21,14970,15091.76234887808
台電大樓,2026-03-22,12491,12285.111079785043
台電大樓,2026-03-23,15248,15512.55785567898
台電大樓,2026-03-24,16602,16333.077437225566
台電大樓,2026-03-25,17208,16916.1637681508
台電大樓,2026-03-26,16949,17038.00782199089
台電大樓,2026-03-27,18291,17958.537537348788
台電大樓,2026-03-28,14585,14754.257689557857
台電大樓,2026-03-29,11956,12085.665464773454
台電大樓,2026-03-30,15354,15274.079216080483
台電大樓,2026-03-31,16283,16374.813393281687
台電大樓,2026-04-01,16322,16798.89872922169
台電大樓,2026-04-02,17616,16643.67061850347
台電大樓,2026-04-03,12288,11981.607647741606
台電大樓,2026-04-04,10493,14819.328483161178
台電大樓,2026-04-05,9936,10390.9346726087
台電大樓,2026-04-06,8928,8052.455812022768
台電大樓,2026-04-07,15989,16064.512454041816
台電大樓,2026-04-08,16542,16520.933298261978
台電大樓,2026-04-09,16645,16886.169275120785
台電大樓,2026-04-10,18206,17799.68654581885
台電大樓,2026-04-11,15656,13908.653980213414
台電大樓,2026-04-12,12290,12390.433603403892
台電大樓,2026-04-13,15234,15671.614987077175
台電大樓,2026-04-14,16319,16307.062124894925
台電大樓,2026-04-15,16782,16740.793091167063
台電大樓,2026-04-16,16801,16874.65868252205
台電大樓,2026-04-17,18122,17918.95110815726
台電大樓,2026-04-18,15641,14618.287665098662
台電大樓,2026-04-19,12741,12409.17770741762
台電大樓,2026-04-20,15534,15690.60539344849
台電大樓,2026-04-21,16590,16467.67536569552
台電大樓,2026-04-22,16444,16884.758532501564
台電大樓,2026-04-23,17101,16758.095605739814
台電大樓,2026-04-24,18423,18013.97732043862
台電大樓,2026-04-25,15190,14814.71525799312
台電大樓,2026-04-26,12553,12321.092921090392
台電大樓,2026-04-27,15446,15594.13209325947
台電大樓,2026-04-28,16710,16437.043534729593
台電大樓,2026-04-29,17075,16844.68780173808
台電大樓,2026-04-30,18847,17089.259483808895
台電大樓,2026-05-01,12852,12622.440995963443
台電大樓,2026-05-02,13328,15134.645730536991
台電大樓,2026-05-03,11111,11633.019839055944
台電大樓,2026-05-04,15292,14891.940573662305
台電大樓,2026-05-05,17115,16300.487254839834
台電大樓,2026-05-06,17181,17064.92925986849
台電大樓,2026-05-07,16985,17428.26971889634
台電大樓,2026-05-08,18471,18061.823369665417
台電大樓,2026-05-09,14619,14420.157348016655
台電大樓,2026-05-10,11282,11984.72640910442
台電大樓,2026-05-11,15200,15121.994831479
台電大樓,2026-05-12,16258,16399.78675693834
台電大樓,2026-05-13,16708,16717.408052452243
台電大樓,2026-05-14,16881,16927.536245986135
台電大樓,2026-05-15,17908,18024.443759459355
台電大樓,2026-05-16,15068,14384.472471451869
台電大樓,2026-05-17,12444,12054.29215381795
台電大樓,2026-05-18,15176,15592.97427542047
台電大樓,2026-05-19,16200,16360.137094446993
台電大樓,2026-05-20,16903,16689.529214919312
台電大樓,2026-05-21,16840,17019.100435919096
台電大樓,2026-05-22,17855,17956.27478552857
台電大樓,2026-05-23,15644,14482.398508626298
台電大樓,2026-05-24,12514,12427.239824242755
台電大樓,2026-05-25,15019,15572.866905839352
台電大樓,2026-05-26,16340,16282.66410773922
台電大樓,2026-05-27,17060,16774.52768206808
台電大樓,2026-05-28,17191,17066.44377203434
台電大樓,2026-05-29,18239,18098.628109457724
台電大樓,2026-05-30,15464,14798.503926399331
台電大樓,2026-05-31,12233,12368.379464173802
唭哩岸,2026-01-01,5026,5616.116311838132
唭哩岸,2026-01-02,7594,7850.02305802738
唭哩岸,2026-01-03,6425,6588.649595768573
唭哩岸,2026-01-04,5619,5454.512852996862
唭哩岸,2026-01-05,7261,7280.310211326722
唭哩岸,2026-01-06,7502,7550.953424234267
唭哩岸,2026-01-07,7527,7637.208513086385
唭哩岸,2026-01-08,7596,7577.212676868739
唭哩岸,2026-01-09,8062,8066.892658990981
唭哩岸,2026-01-10,6770,6733.580224650113
唭哩岸,2026-01-11,5463,5589.489342331625
唭哩岸,2026-01-12,7242,7171.989886090274
唭哩岸,2026-01-13,7609,7549.540818148474
唭哩岸,2026-01-14,7665,7675.180701994055
唭哩岸,2026-01-15,7704,7653.713511300566
唭哩岸,2026-01-16,8069,8113.545800769535
唭哩岸,2026-01-17,7017,6739.820617608579
唭哩岸,2026-01-18,5933,5677.99686149341
唭哩岸,2026-01-19,7321,7364.137594434504
唭哩岸,2026-01-20,7767,7555.236372352853
唭哩岸,2026-01-21,7307,7748.356830118594
唭哩岸,2026-01-22,7763,7488.448387064614
唭哩岸,2026-01-23,8118,8169.71849079678
唭哩岸,2026-01-24,6851,6779.289792482208
唭哩岸,2026-01-25,5796,5636.723859444527
唭哩岸,2026-01-26,7289,7311.605712112635
唭哩岸,2026-01-27,7445,7572.056664453486
唭哩岸,2026-01-28,7546,7558.727074588245
唭哩岸,2026-01-29,7723,7650.878478449221
唭哩岸,2026-01-30,8136,8121.0463108409585
唭哩岸,2026-01-31,6701,6793.644360887114
唭哩岸,2026-02-01,5274,5575.915823161637
唭哩岸,2026-02-02,7128,7095.593745611484
唭哩岸,2026-02-03,7559,7522.385455184365
唭哩岸,2026-02-04,7717,7629.752283656237
唭哩岸,2026-02-05,7820,7712.198152369929
唭哩岸,2026-02-06,8191,8154.432696270997
唭哩岸,2026-02-07,6660,6798.073935192442
唭哩岸,2026-02-08,5528,5513.567282170936
唭哩岸,2026-02-09,7415,7216.024604684655
唭哩岸,2026-02-10,7681,7633.496842732553
唭哩岸,2026-02-11,7489,7673.613667637906
唭哩岸,2026-02-12,7826,7614.494836664445
唭哩岸,2026-02-13,7852,8182.333161064859
唭哩岸,2026-02-14,6121,6632.220402507079
唭哩岸,2026-02-15,4956,5321.154934672073
唭哩岸,2026-02-16,3720,4131.747682090198
唭哩岸,2026-02-17,4967,4433.394851566564
唭哩岸,2026-02-18,5096,4895.56657436787
唭哩岸,2026-02-19,5321,4929.855797390929
唭哩岸,2026-02-20,5651,6235.300043167208
唭哩岸,2026-02-21,5813,6482.721834721926
唭哩岸,2026-02-22,5304,5164.318250503338
唭哩岸,2026-02-23,7392,7149.786426946296
唭哩岸,2026-02-24,7552,7692.81209949206
唭哩岸,2026-02-25,7787,7623.131003826896
唭哩岸,2026-02-26,8170,7812.179419639135
唭哩岸,2026-02-27,6823,6171.185139569936
唭哩岸,2026-02-28,6564,6943.160239646446
唭哩岸,2026-03-01,5496,5418.998437773696
唭哩岸,2026-03-02,7434,7231.333689786059
唭哩岸,2026-03-03,7489,7666.912262550291
唭哩岸,2026-03-04,7721,7604.493626319255
唭哩岸,2026-03-05,7805,7814.373818155272
唭哩岸,2026-03-06,8292,8153.398023077315
唭哩岸,2026-03-07,7263,6707.371102361891
唭哩岸,2026-03-08,5848,5774.10574439613
唭哩岸,2026-03-09,7409,7328.922398652113
唭哩岸,2026-03-10,7765,7623.452148004939
唭哩岸,2026-03-11,7959,7737.802681157966
唭哩岸,2026-03-12,7945,7877.657065472635
唭哩岸,2026-03-13,8386,8190.529058646891
唭哩岸,2026-03-14,7293,6817.965427449204
唭哩岸,2026-03-15,6051,5785.9780893172
唭哩岸,2026-03-16,7489,7417.544990929096
唭哩岸,2026-03-17,7738,7663.816337641924
唭哩岸,2026-03-18,7805,7742.716021174855
唭哩岸,2026-03-19,7879,7820.55854926839
唭哩岸,2026-03-20,8357,8190.390629281394
唭哩岸,2026-03-21,7032,6841.567194321737
唭哩岸,2026-03-22,5917,5700.404652565181
唭哩岸,2026-03-23,7370,7386.225928885015
唭哩岸,2026-03-24,7626,7622.161496718189
唭哩岸,2026-03-25,7705,7701.03165863836
唭哩岸,2026-03-26,7787,7788.813544769957
唭哩岸,2026-03-27,8015,8168.347086795652
唭哩岸,2026-03-28,7072,6700.651041803667
唭哩岸,2026-03-29,5650,5761.2070237338185
唭哩岸,2026-03-30,7481,7254.913576798939
唭哩岸,2026-03-31,7743,7693.877941196737
唭哩岸,2026-04-01,7592,7734.981450283733
唭哩岸,2026-04-02,8052,7729.32641439201
唭哩岸,2026-04-03,5857,6231.0766978937445
唭哩岸,2026-04-04,5349,6657.298350574118
唭哩岸,2026-04-05,5331,4999.561574055973
唭哩岸,2026-04-06,4988,5250.0492888624285
唭哩岸,2026-04-07,7347,7498.803706702953
唭哩岸,2026-04-08,7741,7585.387071853936
唭哩岸,2026-04-09,7681,7858.154842713842
唭哩岸,2026-04-10,8098,8053.850456832143
唭哩岸,2026-04-11,7065,6619.196666265761
唭哩岸,2026-04-12,5745,5768.601521889405
唭哩岸,2026-04-13,7298,7286.932406347092
唭哩岸,2026-04-14,7621,7590.827348572492
唭哩岸,2026-04-15,7728,7706.173074459501
唭哩岸,2026-04-16,7764,7800.225101555588
唭哩岸,2026-04-17,8012,8115.026252578985
唭哩岸,2026-04-18,6789,6673.053290334648
唭哩岸,2026-04-19,5770,5641.640138288106
唭哩岸,2026-04-20,7378,7331.477054175177
唭哩岸,2026-04-21,7556,7628.273560476335
唭哩岸,2026-04-22,7685,7668.657308720453
唭哩岸,2026-04-23,7664,7790.463221627741
唭哩岸,2026-04-24,8030,8060.848997476564
唭哩岸,2026-04-25,6850,6687.507284590316
唭哩岸,2026-04-26,5982,5679.986790850292
唭哩岸,2026-04-27,7477,7424.994815281981
唭哩岸,2026-04-28,7755,7644.738301295151
唭哩岸,2026-04-29,7857,7751.553084223599
唭哩岸,2026-04-30,8280,7836.637092970701
唭哩岸,2026-05-01,6635,6278.621243537058
唭哩岸,2026-05-02,6341,6931.871135434303
唭哩岸,2026-05-03,5586,5439.1039077115765
唭哩岸,2026-05-04,7655,7310.090410998547
唭哩岸,2026-05-05,7849,7762.1580290336
唭哩岸,2026-05-06,8011,7783.340568801279
唭哩岸,2026-05-07,8049,7955.132247507204
唭哩岸,2026-05-08,8227,8247.090548102877
唭哩岸,2026-05-09,6821,6684.708924284287
唭哩岸,2026-05-10,5596,5689.746874445454
唭哩岸,2026-05-11,7463,7301.6174975478525
唭哩岸,2026-05-12,7820,7692.836282303305
唭哩岸,2026-05-13,7666,7807.503894409278
唭哩岸,2026-05-14,7678,7797.082457351612
唭哩岸,2026-05-15,8293,8099.199356248067
唭哩岸,2026-05-16,7277,6778.229518686117
唭哩岸,2026-05-17,6069,5861.7716940069495
唭哩岸,2026-05-18,7443,7475.824291285591
唭哩岸,2026-05-19,7642,7660.638619724767
唭哩岸,2026-05-20,7761,7713.212635773677
唭哩岸,2026-05-21,7682,7835.016551219539
唭哩岸,2026-05-22,8162,8111.7694316569905
唭哩岸,2026-05-23,7150,6774.858789161344
唭哩岸,2026-05-24,5655,5844.084106613397
唭哩岸,2026-05-25,7309,7292.710963296351
唭哩岸,2026-05-26,7396,7629.686447886828
唭哩岸,2026-05-27,7576,7620.5581004405
唭哩岸,2026-05-28,7500,7761.8110776571475
唭哩岸,2026-05-29,8089,8042.385678942996
唭哩岸,2026-05-30,6915,6779.656116748627
唭哩岸,2026-05-31,5644,5715.490055174163
善導寺,2026-01-01,12122,13862.483164464586
善導寺,2026-01-02,22796,27252.3099904649
善導寺,2026-01-03,15037,16223.667052811365
善導寺,2026-01-04,11669,12795.52641143987
善導寺,2026-01-05,23664,22615.75232245938
善導寺,2026-01-06,25046,25049.47224120856
善導寺,2026-01-07,25456,26175.21017323291
善導寺,2026-01-08,25952,25069.997211412217
善導寺,2026-01-09,26433,25659.364708484703
善導寺,2026-01-10,15642,17088.190064769406
善導寺,2026-01-11,12721,13257.304694980478
善導寺,2026-01-12,21260,23509.16361081831
善導寺,2026-01-13,21947,24409.843442107605
善導寺,2026-01-14,21820,24546.504583063324
善導寺,2026-01-15,22004,23310.37137657413
善導寺,2026-01-16,23323,23584.759437904933
善導寺,2026-01-17,15155,14613.979337279736
善導寺,2026-01-18,12382,12036.271419481334
善導寺,2026-01-19,20455,22378.936207988263
善導寺,2026-01-20,21929,23307.87217285823
善導寺,2026-01-21,21794,23723.864415006847
善導寺,2026-01-22,22740,22888.740698632675
善導寺,2026-01-23,23283,23738.481509718167
善導寺,2026-01-24,16262,14850.990156437696
善導寺,2026-01-25,13547,12579.248224859391
善導寺,2026-01-26,20589,22659.892175578145
善導寺,2026-01-27,21182,23401.7801562012
善導寺,2026-01-28,21890,23239.65193644509
善導寺,2026-01-29,21681,22864.972290196623
善導寺,2026-01-30,23002,23236.163800986054
善導寺,2026-01-31,16514,14856.927319136948
善導寺,2026-02-01,13503,12750.590863478768
善導寺,2026-02-02,20018,22238.2036476572
善導寺,2026-02-03,21486,22734.90093187798
善導寺,2026-02-04,21687,23018.003459373125
善導寺,2026-02-05,21407,22546.118075702456
善導寺,2026-02-06,23212,23064.094499801195
善導寺,2026-02-07,15682,15197.169681596391
善導寺,2026-02-08,12976,12581.8156372694
善導寺,2026-02-09,20168,21485.52161652913
善導寺,2026-02-10,21530,22438.38919120348
善導寺,2026-02-11,21952,22747.83828084659
善導寺,2026-02-12,21475,22423.339959491237
善導寺,2026-02-13,19589,23167.348869421425
善導寺,2026-02-14,11582,13916.853786052465
善導寺,2026-02-15,8681,10516.52622691492
善導寺,2026-02-16,6479,2909.865557303743
善導寺,2026-02-17,6435,6168.375222915889
善導寺,2026-02-18,6500,6943.678606679769
善導寺,2026-02-19,7869,6637.210043035811
善導寺,2026-02-20,8649,9892.718417817174
善導寺,2026-02-21,9650,14735.024928104358
善導寺,2026-02-22,8950,9959.470069235023
善導寺,2026-02-23,18839,19553.46558169536
善導寺,2026-02-24,21072,20769.88467334229
善導寺,2026-02-25,22520,21677.422966076327
善導寺,2026-02-26,23142,22381.160125773244
善導寺,2026-02-27,13447,9363.502462898272
善導寺,2026-02-28,13910,15362.932979921516
善導寺,2026-03-01,12090,12117.91125495463
善導寺,2026-03-02,23750,21504.551880905517
善導寺,2026-03-03,25456,23634.81497248408
善導寺,2026-03-04,26583,24742.156639566834
善導寺,2026-03-05,26007,25292.64388775632
善導寺,2026-03-06,26679,25979.395950330843
善導寺,2026-03-07,17487,16103.621466687742
善導寺,2026-03-08,13216,13889.242638686548
善導寺,2026-03-09,24615,23185.07110814881
善導寺,2026-03-10,25933,24856.99098600924
善導寺,2026-03-11,26681,25659.66829075627
善導寺,2026-03-12,26529,25697.955848459274
善導寺,2026-03-13,27345,26341.056262197533
善導寺,2026-03-14,17657,16830.240929841057
善導寺,2026-03-15,14231,13978.81855778339
善導寺,2026-03-16,23913,23918.803587172777
善導寺,2026-03-17,25860,24985.296287644294
善導寺,2026-03-18,26803,25779.181194255707
善導寺,2026-03-19,26392,25880.95036192518
善導寺,2026-03-20,27524,26493.591406229152
善導寺,2026-03-21,17591,17023.095835837463
善導寺,2026-03-22,14244,14046.837023171784
善導寺,2026-03-23,23752,23882.395549448072
善導寺,2026-03-24,25685,25084.43110558301
善導寺,2026-03-25,26814,25879.198523689283
善導寺,2026-03-26,26320,25933.00012915058
善導寺,2026-03-27,27139,26645.52852092725
善導寺,2026-03-28,16449,16958.655302048443
善導寺,2026-03-29,13901,13580.76480308099
善導寺,2026-03-30,25020,23506.0651055358
善導寺,2026-03-31,26916,25518.484862473848
善導寺,2026-04-01,26284,26659.970824040964
善導寺,2026-04-02,26300,26065.07524002964
善導寺,2026-04-03,13492,13325.075120545254
善導寺,2026-04-04,13058,16756.2738670949
善導寺,2026-04-05,12607,12329.404574343243
善導寺,2026-04-06,9249,9357.048760088794
善導寺,2026-04-07,22619,24454.88880443097
善導寺,2026-04-08,25825,24347.40733783661
善導寺,2026-04-09,25977,24975.625390631983
善導寺,2026-04-10,26363,26154.701972923805
善導寺,2026-04-11,16819,15503.766880581305
善導寺,2026-04-12,13861,13597.136519201384
善導寺,2026-04-13,23601,23714.54330001066
善導寺,2026-04-14,25306,24810.752819140685
善導寺,2026-04-15,25777,26028.927946435408
善導寺,2026-04-16,26006,25753.2067428018
善導寺,2026-04-17,25874,26452.15322447184
善導寺,2026-04-18,16748,15808.104901193556
善導寺,2026-04-19,13990,13587.8045559667
善導寺,2026-04-20,23434,23715.072951820555
善導寺,2026-04-21,25241,24909.988621161043
善導寺,2026-04-22,25994,25889.72447289056
善導寺,2026-04-23,26344,25842.91919047884
善導寺,2026-04-24,26663,26476.917975255776
善導寺,2026-04-25,16819,16344.005176179891
善導寺,2026-04-26,14916,13851.972258321492
善導寺,2026-04-27,23494,24087.684201808403
善導寺,2026-04-28,24777,25178.696616973128
善導寺,2026-04-29,26166,25832.53044997067
善導寺,2026-04-30,26626,25971.3214944646
善導寺,2026-05-01,12934,13231.60433644267
善導寺,2026-05-02,14746,16354.97545215562
善導寺,2026-05-03,13036,13257.991447033031
善導寺,2026-05-04,24904,22905.75916216788
善導寺,2026-05-05,27071,25156.36661343129
善導寺,2026-05-06,25951,26799.73985081524
善導寺,2026-05-07,26048,26406.508586115604
善導寺,2026-05-08,26083,26497.124359200134
善導寺,2026-05-09,16871,15858.075462977708
善導寺,2026-05-10,11277,13925.441235668945
善導寺,2026-05-11,21876,23007.11004674938
善導寺,2026-05-12,24935,24284.644050621297
善導寺,2026-05-13,26335,25242.14295076209
善導寺,2026-05-14,25187,25865.32441957896
善導寺,2026-05-15,26314,25896.84955570964
善導寺,2026-05-16,16929,15978.746271073283
善導寺,2026-05-17,13990,13324.416799850613
善導寺,2026-05-18,22989,23722.3119171701
善導寺,2026-05-19,24861,25232.753938289585
善導寺,2026-05-20,25228,25841.573789979568
善導寺,2026-05-21,25354,25459.00734838145
善導寺,2026-05-22,26653,25943.594767867547
善導寺,2026-05-23,17140,16262.770232206938
善導寺,2026-05-24,15485,13660.50819021698
善導寺,2026-05-25,23573,24211.40610989513
善導寺,2026-05-26,25209,25623.49205879332
善導寺,2026-05-27,25904,26025.794643618945
善導寺,2026-05-28,25490,25858.2522120979
善導寺,2026-05-29,25488,26311.84148188847
善導寺,2026-05-30,16175,16083.688805765854
善導寺,2026-05-31,12975,13524.290424599523
國父紀念館,2026-01-01,39553,26989.69974315711
國父紀念館,2026-01-02,27452,39511.82084746947
國父紀念館,2026-01-03,23900,30601.086754442123
國父紀念館,2026-01-04,19877,21638.061748139167
國父紀念館,2026-01-05,24206,21246.020551903708
國父紀念館,2026-01-06,25390,28983.232455856
國父紀念館,2026-01-07,25691,26698.379834870266
國父紀念館,2026-01-08,27363,29699.437952113803
國父紀念館,2026-01-09,32314,27688.289923833563
國父紀念館,2026-01-10,45906,31710.96652386224
國父紀念館,2026-01-11,20697,32644.08041733994
國父紀念館,2026-01-12,24250,22084.041667632293
國父紀念館,2026-01-13,25463,27116.09678460769
國父紀念館,2026-01-14,25872,26317.20688161023
國父紀念館,2026-01-15,26457,28310.12973542378
國父紀念館,2026-01-16,28546,29244.443441822303
國父紀念館,2026-01-17,25555,33811.2692917675
國父紀念館,2026-01-18,34090,19318.59553092508
國父紀念館,2026-01-19,25071,29236.48255499525
國父紀念館,2026-01-20,27761,27310.60728884229
國父紀念館,2026-01-21,26009,27445.578929305124
國父紀念館,2026-01-22,26605,28002.78048632463
國父紀念館,2026-01-23,28558,28902.577723314032
國父紀念館,2026-01-24,26133,30806.579124060165
國父紀念館,2026-01-25,22365,24153.48042312184
國父紀念館,2026-01-26,25046,21989.50691489897
國父紀念館,2026-01-27,26485,27519.58757385021
國父紀念館,2026-01-28,26380,26467.00205741414
國父紀念館,2026-01-29,27480,27980.6373333934
國父紀念館,2026-01-30,32065,29293.88308960392
國父紀念館,2026-01-31,42439,31939.150405446835
國父紀念館,2026-02-01,36379,31145.97469133686
國父紀念館,2026-02-02,24872,30270.832712887604
國父紀念館,2026-02-03,25641,27178.76514704349
國父紀念館,2026-02-04,26558,26115.246203252434
國父紀念館,2026-02-05,27444,28057.106130850727
國父紀念館,2026-02-06,30514,29993.523650030824
國父紀念館,2026-02-07,25640,34134.60936565492
國父紀念館,2026-02-08,20766,23838.905556414025
國父紀念館,2026-02-09,25548,20669.08734429144
國父紀念館,2026-02-10,26949,27185.001985295272
國父紀念館,2026-02-11,27413,26915.87677149476
國父紀念館,2026-02-12,40847,28392.30033363033
國父紀念館,2026-02-13,26921,36829.98211961241
國父紀念館,2026-02-14,19541,29488.11303806068
國父紀念館,2026-02-15,14945,19562.31363548912
國父紀念館,2026-02-16,6975,5165.186788378098
國父紀念館,2026-02-17,11465,10839.91743938901
國父紀念館,2026-02-18,12462,12201.247557692754
國父紀念館,2026-02-19,16619,17017.088263998026
國父紀念館,2026-02-20,17690,23767.82775125144
國父紀念館,2026-02-21,18813,25502.310809573984
國父紀念館,2026-02-22,16817,18210.767573971847
國父紀念館,2026-02-23,22253,20345.105454154527
國父紀念館,2026-02-24,23950,25721.210038636316
國父紀念館,2026-02-25,32139,25487.94908455299
國父紀念館,2026-02-26,37224,33001.22902548538
國父紀念館,2026-02-27,39967,26314.617106134607
國父紀念館,2026-02-28,31452,36060.35247844964
國父紀念館,2026-03-01,20310,24750.957258112827
國父紀念館,2026-03-02,22604,22485.798955586208
國父紀念館,2026-03-03,23888,25425.24724539237
國父紀念館,2026-03-04,25288,27093.634255351724
國父紀念館,2026-03-05,25852,30474.83981596493
國父紀念館,2026-03-06,30042,29657.07380272097
國父紀念館,2026-03-07,48021,27590.552039984574
國父紀念館,2026-03-08,25353,32272.00008574376
國父紀念館,2026-03-09,23917,24992.2985969917
國父紀念館,2026-03-10,25031,25847.79473817879
國父紀念館,2026-03-11,26434,26763.89067931543
國父紀念館,2026-03-12,26889,29611.570560719592
國父紀念館,2026-03-13,29351,29374.31756363404
國父紀念館,2026-03-14,28134,32707.364367517843
國父紀念館,2026-03-15,22329,20635.406338534
國父紀念館,2026-03-16,23176,23108.653887156004
國父紀念館,2026-03-17,24867,25376.4936958283
國父紀念館,2026-03-18,25921,26678.810100019007
國父紀念館,2026-03-19,26504,28965.21983735869
國父紀念館,2026-03-20,48884,29056.58291626261
國父紀念館,2026-03-21,57094,40215.67532601747
國父紀念館,2026-03-22,42757,36515.05049333127
國父紀念館,2026-03-23,24084,33765.77477151278
國父紀念館,2026-03-24,25133,25823.528463098915
國父紀念館,2026-03-25,26185,26659.51967460986
國父紀念館,2026-03-26,27045,28707.17866103221
國父紀念館,2026-03-27,28983,34271.612201594246
國父紀念館,2026-03-28,39517,34374.95384937312
國父紀念館,2026-03-29,26525,28918.571104042403
國父紀念館,2026-03-30,24353,22967.026860644943
國父紀念館,2026-03-31,24795,25801.76650511968
國父紀念館,2026-04-01,25446,26423.85302959485
國父紀念館,2026-04-02,26836,28105.461204321407
國父紀念館,2026-04-03,25543,26137.58623298747
國父紀念館,2026-04-04,25034,35449.42109173894
國父紀念館,2026-04-05,23173,20425.832039216493
國父紀念館,2026-04-06,16695,16932.35584750948
國父紀念館,2026-04-07,24238,24388.53685350591
國父紀念館,2026-04-08,25196,25927.6046790207
國父紀念館,2026-04-09,37712,27794.28222261454
國父紀念館,2026-04-10,39624,37137.14260784761
國父紀念館,2026-04-11,37710,36914.24516086964
國父紀念館,2026-04-12,31408,27777.414830007918
國父紀念館,2026-04-13,23716,26411.034808316115
國父紀念館,2026-04-14,23999,25322.70475511245
國父紀念館,2026-04-15,25052,25697.815169255005
國父紀念館,2026-04-16,25313,30295.278888860936
國父紀念館,2026-04-17,27355,31440.701033104662
國父紀念館,2026-04-18,24074,31464.456017243338
國父紀念館,2026-04-19,20104,21461.11179067737
國父紀念館,2026-04-20,23066,19909.663879130032
國父紀念館,2026-04-21,23984,24654.666997050117
國父紀念館,2026-04-22,24834,25586.01877851243
國父紀念館,2026-04-23,25517,28252.082590815076
國父紀念館,2026-04-24,29245,30357.32295651471
國父紀念館,2026-04-25,41021,30602.836509721103
國父紀念館,2026-04-26,36051,29575.047188636065
國父紀念館,2026-04-27,23698,29126.058888619977
國父紀念館,2026-04-28,24988,24937.19040605145
國父紀念館,2026-04-29,25955,25967.34018573687
國父紀念館,2026-04-30,27565,28434.782067830576
國父紀念館,2026-05-01,32165,26097.68108691632
國父紀念館,2026-05-02,35596,37961.240319434575
國父紀念館,2026-05-03,26128,28483.582449681624
國父紀念館,2026-05-04,23970,22451.38047831678
國父紀念館,2026-05-05,30725,25127.458720218838
國父紀念館,2026-05-06,30894,28974.81562466752
國父紀念館,2026-05-07,25669,30989.55401623257
國父紀念館,2026-05-08,28195,32058.076722900827
國父紀念館,2026-05-09,26875,31907.8146665546
國父紀念館,2026-05-10,19347,22941.599419415328
國父紀念館,2026-05-11,22916,19687.01720059249
國父紀念館,2026-05-12,24605,25970.12530877573
國父紀念館,2026-05-13,25689,26308.221714771946
國父紀念館,2026-05-14,25401,27054.33551411806
國父紀念館,2026-05-15,39686,30529.731735533343
國父紀念館,2026-05-16,30212,36667.949742786
國父紀念館,2026-05-17,37546,23907.398976607044
國父紀念館,2026-05-18,23685,29791.47988427567
國父紀念館,2026-05-19,24210,25665.478117399747
國父紀念館,2026-05-20,25268,25817.58832435379
國父紀念館,2026-05-21,25748,26806.68414108321
國父紀念館,2026-05-22,36773,33223.87859197974
國父紀念館,2026-05-23,36443,33923.09354942686
國父紀念館,2026-05-24,30873,30774.72835919572
國父紀念館,2026-05-25,23306,24611.873732181917
國父紀念館,2026-05-26,30183,25154.227410169737
國父紀念館,2026-05-27,30177,28784.61071767761
國父紀念館,2026-05-28,25579,29232.214614884346
國父紀念館,2026-05-29,37576,33408.707268325685
國父紀念館,2026-05-30,40050,35452.960861086045
國父紀念館,2026-05-31,33508,31722.01541813132
圓山,2026-01-01,30292,24484.044216342267
圓山,2026-01-02,26536,35233.75469660629
圓山,2026-01-03,30594,34741.975211288045
圓山,2026-01-04,28838,25194.739034407747
圓山,2026-01-05,24119,25118.33480763342
圓山,2026-01-06,25195,26278.11872929533
圓山,2026-01-07,24964,26481.54524092762
圓山,2026-01-08,25335,27311.461834979706
圓山,2026-01-09,28153,28845.56669214706
圓山,2026-01-10,29584,35513.60986457222
圓山,2026-01-11,28263,25310.35324389879
圓山,2026-01-12,23502,24508.27973819994
圓山,2026-01-13,25455,25665.812531951924
圓山,2026-01-14,25440,26349.64094101996
圓山,2026-01-15,26164,26937.80103163469
圓山,2026-01-16,28206,29373.53794345269
圓山,2026-01-17,30763,34100.22750691697
圓山,2026-01-18,27025,26700.477673682617
圓山,2026-01-19,23238,23391.399598484222
圓山,2026-01-20,25488,25612.712655782365
圓山,2026-01-21,24378,26186.902062674
圓山,2026-01-22,24682,26123.916597336145
圓山,2026-01-23,28939,28284.957734596563
圓山,2026-01-24,27748,34004.06873305989
圓山,2026-01-25,25992,24733.155831687185
圓山,2026-01-26,23859,23038.15480468546
圓山,2026-01-27,24903,26027.54784833092
圓山,2026-01-28,24141,25326.325429650995
圓山,2026-01-29,26616,25702.954492355457
圓山,2026-01-30,28285,29698.037364524356
圓山,2026-01-31,28680,31933.486332976776
圓山,2026-02-01,23406,25709.93077510651
圓山,2026-02-02,21849,21532.75278946258
圓山,2026-02-03,25395,24759.753861232726
圓山,2026-02-04,26761,25535.69535013024
圓山,2026-02-05,27447,27532.530580609608
圓山,2026-02-06,43772,29606.352991484586
圓山,2026-02-07,51268,40896.56303437486
圓山,2026-02-08,40433,37707.05079558485
圓山,2026-02-09,22901,30270.41498851509
圓山,2026-02-10,25712,24269.925379272543
圓山,2026-02-11,24020,26176.476297758083
圓山,2026-02-12,25350,25733.453125895783
圓山,2026-02-13,25380,32151.801584183908
圓山,2026-02-14,29197,32274.569542776637
圓山,2026-02-15,16333,26423.769984899365
圓山,2026-02-16,10028,5822.085412872151
圓山,2026-02-17,18243,15070.060335029928
圓山,2026-02-18,18399,17424.62613439757
圓山,2026-02-19,23033,18400.065169056517
圓山,2026-02-20,27237,32094.143579782576
圓山,2026-02-21,30814,33072.840142458364
圓山,2026-02-22,26735,24555.351536397884
圓山,2026-02-23,24913,22853.555614552453
圓山,2026-02-24,27172,27673.06531605446
圓山,2026-02-25,29066,26461.268274884475
圓山,2026-02-26,35093,29869.732298860195
圓山,2026-02-27,41582,32552.79062500254
圓山,2026-02-28,49551,41289.204131405
圓山,2026-03-01,38660,35702.416623453864
圓山,2026-03-02,29763,29113.543027675736
圓山,2026-03-03,28800,29590.456074377515
圓山,2026-03-04,27536,27778.799474859094
圓山,2026-03-05,29374,29999.22950260321
圓山,2026-03-06,33358,33631.46560043997
圓山,2026-03-07,41018,37510.35963559818
圓山,2026-03-08,35767,31983.274574478368
圓山,2026-03-09,26370,28094.03583325513
圓山,2026-03-10,26378,27459.91049847632
圓山,2026-03-11,31050,26438.615053169244
圓山,2026-03-12,30457,32081.635766426785
圓山,2026-03-13,33389,33645.31784626425
圓山,2026-03-14,44426,38150.18651923422
圓山,2026-03-15,37725,34982.52150804319
圓山,2026-03-16,26087,28537.296066605893
圓山,2026-03-17,27882,26895.83835097745
圓山,2026-03-18,28637,28583.35256444797
圓山,2026-03-19,27350,30029.998643454262
圓山,2026-03-20,30253,31897.561738007207
圓山,2026-03-21,36092,37927.6664292294
圓山,2026-03-22,30278,30633.654321193357
圓山,2026-03-23,25947,24082.462920067795
圓山,2026-03-24,27898,27681.06425907668
圓山,2026-03-25,30623,28410.03637058105
圓山,2026-03-26,30242,30649.844888074414
圓山,2026-03-27,32148,33103.60954404932
圓山,2026-03-28,32885,38237.288656396886
圓山,2026-03-29,29090,28327.479071644888
圓山,2026-03-30,26110,24202.483704924314
圓山,2026-03-31,26449,27875.87990762182
圓山,2026-04-01,25938,28029.94605246276
圓山,2026-04-02,33707,27839.540288292817
圓山,2026-04-03,32896,33404.07988895495
圓山,2026-04-04,30247,38310.5581461767
圓山,2026-04-05,32147,26669.2981274062
圓山,2026-04-06,17945,24735.533135709986
圓山,2026-04-07,24689,23387.581540973268
圓山,2026-04-08,25977,26985.472414671585
圓山,2026-04-09,26971,29417.34544261383
圓山,2026-04-10,29741,31178.332072656347
圓山,2026-04-11,33571,33807.39666833639
圓山,2026-04-12,30534,30497.38254273997
圓山,2026-04-13,25045,23688.45159467433
圓山,2026-04-14,26427,27086.7120672534
圓山,2026-04-15,25872,27355.62511252292
圓山,2026-04-16,26044,28501.15103133995
圓山,2026-04-17,29386,30277.87182495931
圓山,2026-04-18,37375,33824.07031439876
圓山,2026-04-19,33501,32757.93599080317
圓山,2026-04-20,26042,25683.2349696418
圓山,2026-04-21,26766,27283.16338408747
圓山,2026-04-22,26620,27162.632389610128
圓山,2026-04-23,25508,28386.75842331574
圓山,2026-04-24,27847,29689.617443829055
圓山,2026-04-25,30239,33828.87276848322
圓山,2026-04-26,36523,28626.68357352441
圓山,2026-04-27,26137,28291.063627513453
圓山,2026-04-28,27423,26837.31834952293
圓山,2026-04-29,26889,27526.537102153063
圓山,2026-04-30,28578,27827.904975800768
圓山,2026-05-01,38616,29061.47068693572
圓山,2026-05-02,33580,40565.32185971989
圓山,2026-05-03,27989,31480.634193816222
圓山,2026-05-04,26412,22282.533570470358
圓山,2026-05-05,25412,28008.237659548755
圓山,2026-05-06,27399,25972.963367052627
圓山,2026-05-07,27712,28626.54299883329
圓山,2026-05-08,29693,32970.474719961465
圓山,2026-05-09,32486,32133.681013842623
圓山,2026-05-10,25946,30761.1600932828
圓山,2026-05-11,25322,22042.692408471103
圓山,2026-05-12,27072,26868.09066911845
圓山,2026-05-13,24990,27455.11185934611
圓山,2026-05-14,25400,26708.46655470819
圓山,2026-05-15,29586,30721.21364347952
圓山,2026-05-16,42605,32519.8366584084
圓山,2026-05-17,37801,35929.87137399328
圓山,2026-05-18,24830,29184.676362554543
圓山,2026-05-19,26549,25691.18351373029
圓山,2026-05-20,26794,26674.506520768577
圓山,2026-05-21,26255,27548.12842912672
圓山,2026-05-22,29222,30870.04490719646
圓山,2026-05-23,41587,34760.74648982499
圓山,2026-05-24,31356,35933.60795212929
圓山,2026-05-25,24421,24078.536704906088
圓山,2026-05-26,26182,26251.6420928502
圓山,2026-05-27,25825,26484.13991665407
圓山,2026-05-28,25558,26697.91432530381
圓山,2026-05-29,27255,30140.697501123726
圓山,2026-05-30,38669,35037.96507530156
圓山,2026-05-31,27123,33104.31063097787
土城,2026-01-01,5056,5965.927964777985
土城,2026-01-02,9107,9472.720996013584
土城,2026-01-03,6869,7319.237367884168
土城,2026-01-04,5510,5764.892588501823
土城,2026-01-05,9415,9046.017637189676
土城,2026-01-06,9339,9394.121864177892
土城,2026-01-07,9462,9431.733879043297
土城,2026-01-08,9413,9252.497956560745
土城,2026-01-09,10109,9900.943566868356
土城,2026-01-10,7427,7616.389885490572
土城,2026-01-11,5791,5908.960137055991
土城,2026-01-12,9227,9167.486916575464
土城,2026-01-13,9340,9291.514232158495
土城,2026-01-14,9612,9467.097927582776
土城,2026-01-15,9380,9353.611305846382
土城,2026-01-16,10076,9909.08879859134
土城,2026-01-17,7621,7597.087064624687
土城,2026-01-18,5844,5984.819305220216
土城,2026-01-19,9250,9171.814180925663
土城,2026-01-20,9698,9306.743628405064
土城,2026-01-21,9458,9631.745584171114
土城,2026-01-22,9097,9261.32008474864
土城,2026-01-23,10031,9821.704672857666
土城,2026-01-24,7594,7604.767674177995
土城,2026-01-25,6117,5960.528417248593
土城,2026-01-26,9482,9295.48466561874
土城,2026-01-27,9278,9425.95298629078
土城,2026-01-28,9445,9418.322612397247
土城,2026-01-29,9727,9271.482844117114
土城,2026-01-30,10109,10099.815532424946
土城,2026-01-31,8363,7587.960597441387
土城,2026-02-01,5780,6306.980420657538
土城,2026-02-02,9230,9113.507473218078
土城,2026-02-03,9686,9330.964217460914
土城,2026-02-04,9873,9609.162782383277
土城,2026-02-05,9855,9472.959659790326
土城,2026-02-06,10232,10122.300853879233
土城,2026-02-07,7831,7723.374556917138
土城,2026-02-08,6159,6011.464622863125
土城,2026-02-09,9573,9323.75514531942
土城,2026-02-10,9725,9481.353357380733
土城,2026-02-11,9713,9635.427667757003
土城,2026-02-12,10031,9439.023628309593
土城,2026-02-13,9824,10220.48614100459
土城,2026-02-14,6865,7529.616363542936
土城,2026-02-15,5574,5671.105311579287
土城,2026-02-16,3937,4691.354531605136
土城,2026-02-17,5340,4568.107349311654
土城,2026-02-18,5173,5280.271348599571
土城,2026-02-19,5829,4968.149876489827
土城,2026-02-20,5996,7144.913448289876
土城,2026-02-21,6610,7144.514561259121
土城,2026-02-22,5514,5606.459920270859
土城,2026-02-23,9301,9064.26901389573
土城,2026-02-24,9604,9504.05944959337
土城,2026-02-25,9708,9587.169818304965
土城,2026-02-26,9906,9584.925249579414
土城,2026-02-27,7052,6844.363811099042
土城,2026-02-28,7012,7575.364601245533
土城,2026-03-01,5520,5678.6828342093895
土城,2026-03-02,9368,9097.47422425628
土城,2026-03-03,9301,9526.532600214188
土城,2026-03-04,9442,9471.01183633032
土城,2026-03-05,9533,9512.932597111398
土城,2026-03-06,10413,9909.952399133808
土城,2026-03-07,7925,7637.638372645072
土城,2026-03-08,6309,6024.543952880348
土城,2026-03-09,9551,9386.729318078296
土城,2026-03-10,9452,9525.644245988538
土城,2026-03-11,10097,9522.879553840226
土城,2026-03-12,9804,9770.344459750006
土城,2026-03-13,10467,10027.872449457564
土城,2026-03-14,8442,7695.469647702986
土城,2026-03-15,6326,6275.694698046192
土城,2026-03-16,9493,9366.070408652651
土城,2026-03-17,9642,9504.458123915743
土城,2026-03-18,10061,9672.113709391768
土城,2026-03-19,9677,9743.02141468181
土城,2026-03-20,10305,10017.884022437089
土城,2026-03-21,9255,7714.987694914936
土城,2026-03-22,7211,6626.062356307414
土城,2026-03-23,9679,9682.08798037417
土城,2026-03-24,9652,9543.531403777017
土城,2026-03-25,10024,9702.579703089576
土城,2026-03-26,9828,9719.075717263311
土城,2026-03-27,10199,10105.60057379748
土城,2026-03-28,8724,7815.643534563916
土城,2026-03-29,6819,6479.466024933275
土城,2026-03-30,9717,9553.440204231949
土城,2026-03-31,9662,9591.619617695913
土城,2026-04-01,9648,9726.24306024566
土城,2026-04-02,10217,9576.160112226433
土城,2026-04-03,7033,7147.548283959602
土城,2026-04-04,6092,7839.926535420326
土城,2026-04-05,6085,5408.524452345221
土城,2026-04-06,5321,6313.836930045402
土城,2026-04-07,9369,9095.632633005667
土城,2026-04-08,9595,9679.001031474205
土城,2026-04-09,9714,9630.09300771286
土城,2026-04-10,10310,10077.578747552878
土城,2026-04-11,7892,7706.808957545973
土城,2026-04-12,6116,6214.485660622394
土城,2026-04-13,9458,9226.221853746816
土城,2026-04-14,9417,9560.022449152928
土城,2026-04-15,9551,9610.770721211537
土城,2026-04-16,9522,9616.44885063937
土城,2026-04-17,10026,10027.80965574407
土城,2026-04-18,7560,7666.274987929951
土城,2026-04-19,6010,6066.4174682386665
土城,2026-04-20,9371,9254.949682486042
土城,2026-04-21,9478,9504.516041674717
土城,2026-04-22,9429,9637.608352297368
土城,2026-04-23,9150,9546.1801854953
土城,2026-04-24,9908,9876.59181135348
土城,2026-04-25,7519,7628.173109382015
土城,2026-04-26,6381,6048.929509370709
土城,2026-04-27,9630,9420.999790744983
土城,2026-04-28,9586,9584.160976173633
土城,2026-04-29,9616,9645.888704903253
土城,2026-04-30,9810,9575.86869632356
土城,2026-05-01,7329,6989.83695590323
土城,2026-05-02,7312,7810.20310582806
土城,2026-05-03,5968,5966.097483011135
土城,2026-05-04,9506,9291.435220586634
土城,2026-05-05,9415,9560.991630909197
土城,2026-05-06,9755,9580.5040498313
土城,2026-05-07,9744,9683.172367158088
土城,2026-05-08,10264,10140.404480582078
土城,2026-05-09,7541,7672.108820285038
土城,2026-05-10,6077,6069.596061300247
土城,2026-05-11,9609,9335.742707403497
土城,2026-05-12,9545,9582.80472430781
土城,2026-05-13,9452,9648.67483463473
土城,2026-05-14,9275,9548.889808417394
土城,2026-05-15,10424,9974.698589731664
土城,2026-05-16,7760,7768.290334899902
土城,2026-05-17,6385,6143.660374759275
土城,2026-05-18,9483,9476.957863054467
土城,2026-05-19,9436,9507.957073115636
土城,2026-05-20,9683,9589.943333130788
土城,2026-05-21,9360,9618.622248626009
土城,2026-05-22,10054,10039.364826234383
土城,2026-05-23,7980,7612.843604732397
土城,2026-05-24,6363,6292.465894242246
土城,2026-05-25,9362,9439.048363368596
土城,2026-05-26,9458,9455.933743028514
土城,2026-05-27,9589,9622.842869823528
土城,2026-05-28,9374,9553.18611446876
土城,2026-05-29,9925,10043.557814895072
土城,2026-05-30,7669,7598.516862709664
土城,2026-05-31,5897,6174.703324971812
士林,2026-01-01,21589,24379.88568652432
士林,2026-01-02,31224,30994.17154459617
士林,2026-01-03,26765,27622.612157039657
士林,2026-01-04,23668,23510.70389924292
士林,2026-01-05,25639,26829.27269536359
士林,2026-01-06,27220,29162.045422274263
士林,2026-01-07,27511,28315.95838730602
士林,2026-01-08,27757,27767.455150707174
士林,2026-01-09,30508,31357.49388372522
士林,2026-01-10,28026,27154.35873866733
士林,2026-01-11,23244,24195.27333411954
士林,2026-01-12,25117,26358.188851210693
士林,2026-01-13,28362,28371.38117071906
士林,2026-01-14,28646,28752.354985360755
士林,2026-01-15,28492,28567.69133835805
士林,2026-01-16,30961,31708.175662541267
士林,2026-01-17,30003,27749.82878474034
士林,2026-01-18,26264,25127.714180576608
士林,2026-01-19,25731,27986.83675078886
士林,2026-01-20,27714,29146.228665697745
士林,2026-01-21,26114,28543.87112063438
士林,2026-01-22,25821,27117.33261918644
士林,2026-01-23,30049,29777.426242611327
士林,2026-01-24,26583,27400.86640988046
士林,2026-01-25,25009,23357.571262904923
士林,2026-01-26,26181,26349.21730910172
士林,2026-01-27,26396,28815.51060362605
士林,2026-01-28,26202,27241.12203925232
士林,2026-01-29,28188,26704.60783258688
士林,2026-01-30,29703,31138.24900147701
士林,2026-01-31,25230,27234.95548732351
士林,2026-02-01,19914,23003.581438277222
士林,2026-02-02,23058,23403.64301575766
士林,2026-02-03,26422,25928.469151683763
士林,2026-02-04,27868,26566.87361945068
士林,2026-02-05,27799,27904.021872387584
士林,2026-02-06,28072,30745.66515491455
士林,2026-02-07,25303,25863.819538202653
士林,2026-02-08,21139,22076.62339260937
士林,2026-02-09,23661,23967.422461536305
士林,2026-02-10,26571,26564.584530750264
士林,2026-02-11,25355,27082.159425404923
士林,2026-02-12,26283,26504.82704195028
士林,2026-02-13,26223,29018.38518375318
士林,2026-02-14,21423,24521.32471404274
士林,2026-02-15,17373,19520.216980718804
士林,2026-02-16,10618,14045.787847727575
士林,2026-02-17,16877,15568.517935057856
士林,2026-02-18,18680,17255.268357356497
士林,2026-02-19,23945,19063.13641595749
士林,2026-02-20,23586,25950.2659405179
士林,2026-02-21,25079,25736.63160920373
士林,2026-02-22,21723,21443.842453323392
士林,2026-02-23,26455,23410.485130992965
士林,2026-02-24,29030,28475.186786956965
士林,2026-02-25,29250,28706.47358993604
士林,2026-02-26,37120,30125.01131501302
士林,2026-02-27,32172,29227.02710075936
士林,2026-02-28,37701,31157.234385872653
士林,2026-03-01,28089,29650.83888232693
士林,2026-03-02,31943,29410.561050072192
士林,2026-03-03,28715,32687.66522501604
士林,2026-03-04,30252,29496.32748585592
士林,2026-03-05,32689,32397.813856929984
士林,2026-03-06,35219,32845.00034872349
士林,2026-03-07,34892,31108.32186097464
士林,2026-03-08,31206,27384.017334341304
士林,2026-03-09,27994,31274.455600298304
士林,2026-03-10,27976,29826.9474003716
士林,2026-03-11,31852,28862.08388929841
士林,2026-03-12,31381,33029.37607376649
士林,2026-03-13,33446,32784.96994829626
士林,2026-03-14,30692,30786.223158402296
士林,2026-03-15,25558,25796.29714449244
士林,2026-03-16,28011,26795.006013246973
士林,2026-03-17,30586,28711.84151615459
士林,2026-03-18,30710,30840.551732026597
士林,2026-03-19,29748,32263.346769559103
士林,2026-03-20,33084,31919.20656127451
士林,2026-03-21,30830,30277.499028944825
士林,2026-03-22,25340,25651.235479884737
士林,2026-03-23,27833,27032.560962367657
士林,2026-03-24,29310,29079.597793579836
士林,2026-03-25,30288,30018.874332065487
士林,2026-03-26,30361,31309.043781890407
士林,2026-03-27,31060,32439.969042786208
士林,2026-03-28,27347,29351.074466582817
士林,2026-03-29,22295,23442.703911866767
士林,2026-03-30,27140,25079.26200567265
士林,2026-03-31,29274,28270.827822436982
士林,2026-04-01,26131,29891.46760943283
士林,2026-04-02,29198,28809.50498124452
士林,2026-04-03,22678,25807.322042233747
士林,2026-04-04,21977,26844.963456084493
士林,2026-04-05,21228,19799.650933733872
士林,2026-04-06,18523,19113.122461106235
士林,2026-04-07,24098,26328.35574623936
士林,2026-04-08,27244,25680.96428210948
士林,2026-04-09,28626,28843.386785093764
士林,2026-04-10,31025,29902.115713795785
士林,2026-04-11,27822,27405.753943413925
士林,2026-04-12,22996,23733.817886831952
士林,2026-04-13,25734,25797.15049542163
士林,2026-04-14,27998,27265.539067800568
士林,2026-04-15,27909,28592.00722013005
士林,2026-04-16,28294,29664.525735513947
士林,2026-04-17,30233,30240.351764583516
士林,2026-04-18,25934,27173.942865956386
士林,2026-04-19,22353,22398.387629012977
士林,2026-04-20,26388,25202.899565133805
士林,2026-04-21,27908,27723.252213309173
士林,2026-04-22,28089,28397.382467224048
士林,2026-04-23,27640,29438.682865441617
士林,2026-04-24,30230,29878.15873174473
士林,2026-04-25,25226,26797.60675235641
士林,2026-04-26,23380,21997.715069157
士林,2026-04-27,26678,25968.81796941916
士林,2026-04-28,29316,28013.56810824231
士林,2026-04-29,28661,29165.271531728224
士林,2026-04-30,31294,29523.74882499159
士林,2026-05-01,25764,26923.70966428322
士林,2026-05-02,25279,27264.407744786688
士林,2026-05-03,20826,22531.80208020361
士林,2026-05-04,26968,24752.584923397822
士林,2026-05-05,27215,28195.86785643226
士林,2026-05-06,28700,27869.65921311816
士林,2026-05-07,29387,29760.986162916182
士林,2026-05-08,30791,30691.53641039616
士林,2026-05-09,23592,26524.148816294077
士林,2026-05-10,19582,21103.632393814943
士林,2026-05-11,25700,24377.70100968014
士林,2026-05-12,27613,27048.976864296616
士林,2026-05-13,27108,28113.17927330309
士林,2026-05-14,26395,28767.073755575417
士林,2026-05-15,30941,28912.796659820702
士林,2026-05-16,29097,25561.83546643281
士林,2026-05-17,26047,23736.05986972522
士林,2026-05-18,28772,28823.52797586238
士林,2026-05-19,27863,29768.518047330686
士林,2026-05-20,28680,28529.962163834643
士林,2026-05-21,27891,29210.001648151632
士林,2026-05-22,30675,30431.69646460112
士林,2026-05-23,27822,26543.86470293068
士林,2026-05-24,22608,23637.79513020424
士林,2026-05-25,25429,26747.934767066108
士林,2026-05-26,27964,27035.41710178071
士林,2026-05-27,27781,28167.184291934533
士林,2026-05-28,27640,28360.99682211093
士林,2026-05-29,29410,30187.54247706756
士林,2026-05-30,26000,26028.59757375209
士林,2026-05-31,21729,22184.20734215869
大坪林,2026-01-01,11629,13601.756746330051
大坪林,2026-01-02,21977,23497.49090037647
大坪林,2026-01-03,14540,15646.315312555304
大坪林,2026-01-04,12259,12680.80041753361
大坪林,2026-01-05,21548,20845.04167193315
大坪林,2026-01-06,22014,22159.216050324925
大坪林,2026-01-07,21849,22571.243989999108
大坪林,2026-01-08,22643,21948.86034877617
大坪林,2026-01-09,23831,23548.426843764508
大坪林,2026-01-10,16453,16260.942353133209
大坪林,2026-01-11,13095,13592.762511479654
大坪林,2026-01-12,21143,21617.86227488875
大坪林,2026-01-13,22350,22213.16874316247
大坪林,2026-01-14,22415,22588.945738887567
大坪林,2026-01-15,22390,22399.25368587035
大坪林,2026-01-16,23804,23648.784798964534
大坪林,2026-01-17,16492,16320.31353716653
大坪林,2026-01-18,12560,13524.384765661687
大坪林,2026-01-19,21175,21316.98240507856
大坪林,2026-01-20,22901,22183.56924052052
大坪林,2026-01-21,22288,22758.53071596861
大坪林,2026-01-22,22518,22399.10810302473
大坪林,2026-01-23,23767,23724.947746918264
大坪林,2026-01-24,16752,16353.684465358388
大坪林,2026-01-25,13404,13459.367735028563
大坪林,2026-01-26,21706,21649.558298863423
大坪林,2026-01-27,22804,22633.052001814827
大坪林,2026-01-28,22400,22759.076992966937
大坪林,2026-01-29,22757,22491.48029249685
大坪林,2026-01-30,23848,23841.702523681462
大坪林,2026-01-31,16638,16493.13024066604
大坪林,2026-02-01,13010,13461.278275290431
大坪林,2026-02-02,21691,21513.81137323802
大坪林,2026-02-03,22339,22583.470815968816
大坪林,2026-02-04,22578,22513.695493144474
大坪林,2026-02-05,22518,22532.02673605425
大坪林,2026-02-06,23994,23751.861909704017
大坪林,2026-02-07,16829,16529.22969590562
大坪林,2026-02-08,12975,13458.661977094016
大坪林,2026-02-09,21615,21560.47511630138
大坪林,2026-02-10,22809,22510.60640455284
大坪林,2026-02-11,22423,22700.89180294045
大坪林,2026-02-12,22494,22524.78432916803
大坪林,2026-02-13,22136,23788.473781805897
大坪林,2026-02-14,13195,15894.094131103093
大坪林,2026-02-15,10100,11796.935354874386
大坪林,2026-02-16,7622,7693.793848255165
大坪林,2026-02-17,9150,9094.05909804662
大坪林,2026-02-18,9774,9436.217894318412
大坪林,2026-02-19,10874,9775.42940945592
大坪林,2026-02-20,12190,14070.625540407647
大坪林,2026-02-21,12596,15221.273252918583
大坪林,2026-02-22,11550,11217.743274134336
大坪林,2026-02-23,20963,20346.157479234866
大坪林,2026-02-24,22042,21895.67499813665
大坪林,2026-02-25,22618,22189.04176062936
大坪林,2026-02-26,23409,22601.01618401217
大坪林,2026-02-27,16118,14021.718043329456
大坪林,2026-02-28,14631,16349.979794167752
大坪林,2026-03-01,12756,12635.349163005309
大坪林,2026-03-02,21954,21381.53771426509
大坪林,2026-03-03,21884,22620.281069004588
大坪林,2026-03-04,22415,22455.526145274234
大坪林,2026-03-05,22714,22715.51698299585
大坪林,2026-03-06,24614,23655.078489347565
大坪林,2026-03-07,16823,15667.607824425108
大坪林,2026-03-08,14087,13293.746999007668
大坪林,2026-03-09,21704,22193.296727469515
大坪林,2026-03-10,22422,22652.56181019013
大坪林,2026-03-11,22981,22695.9423623755
大坪林,2026-03-12,22815,22994.053018936265
大坪林,2026-03-13,24327,23921.171611759924
大坪林,2026-03-14,17126,15880.289127130774
大坪林,2026-03-15,14301,13528.516097558684
大坪林,2026-03-16,21839,22198.69491975737
大坪林,2026-03-17,22796,22721.59790125553
大坪林,2026-03-18,22517,22919.600673734025
大坪林,2026-03-19,22308,22851.898768662
大坪林,2026-03-20,24126,23740.5691705108
大坪林,2026-03-21,17759,15922.113140217363
大坪林,2026-03-22,14642,13823.605841818176
大坪林,2026-03-23,21162,22335.282441472475
大坪林,2026-03-24,22047,22562.793474054823
大坪林,2026-03-25,22629,22496.55883811048
大坪林,2026-03-26,22735,22673.829616762727
大坪林,2026-03-27,24021,23925.543601728867
大坪林,2026-03-28,16274,16231.023897231731
大坪林,2026-03-29,13271,13408.263335399335
大坪林,2026-03-30,21271,21428.242628359247
大坪林,2026-03-31,22084,22250.23762808304
大坪林,2026-04-01,22029,22467.084097847863
大坪林,2026-04-02,23033,22456.53722692429
大坪林,2026-04-03,13949,14503.361327601013
大坪林,2026-04-04,11856,15963.612961888812
大坪林,2026-04-05,11506,11654.153586994802
大坪林,2026-04-06,11797,10714.246187027476
大坪林,2026-04-07,21868,21762.07382349556
大坪林,2026-04-08,22069,22131.55825930888
大坪林,2026-04-09,22479,22484.42788036843
大坪林,2026-04-10,24392,23615.34309162357
大坪林,2026-04-11,16034,15485.683592716974
大坪林,2026-04-12,13472,13268.08619099839
大坪林,2026-04-13,21165,21687.700015101087
大坪林,2026-04-14,21841,22238.1828374591
大坪林,2026-04-15,22570,22287.036421052893
大坪林,2026-04-16,22191,22707.434377997117
大坪林,2026-04-17,23937,23755.772473464924
大坪林,2026-04-18,16684,15529.860946611116
大坪林,2026-04-19,13238,13485.483899526367
大坪林,2026-04-20,20954,21538.78432145338
大坪林,2026-04-21,22133,22076.67564013974
大坪林,2026-04-22,22142,22417.454659366307
大坪林,2026-04-23,22084,22482.419962091026
大坪林,2026-04-24,23549,23680.936662115928
大坪林,2026-04-25,16004,15556.500416497836
大坪林,2026-04-26,14003,13120.84473132941
大坪林,2026-04-27,21474,21611.972683229265
大坪林,2026-04-28,22122,22350.26624761902
大坪林,2026-04-29,22466,22446.578264051084
大坪林,2026-04-30,23892,22574.93864956825
大坪林,2026-05-01,14919,14921.566220392026
大坪林,2026-05-02,14747,16168.767673733266
大坪林,2026-05-03,12494,13033.317176510083
大坪林,2026-05-04,22110,20955.531375802864
大坪林,2026-05-05,22464,22304.536390162677
大坪林,2026-05-06,22813,22582.52800293843
大坪林,2026-05-07,22670,23002.20273675347
大坪林,2026-05-08,24258,23987.361126370703
大坪林,2026-05-09,15955,15712.122886583547
大坪林,2026-05-10,12946,13287.148809530208
大坪林,2026-05-11,21434,21476.423784999493
大坪林,2026-05-12,22166,22202.66117823291
大坪林,2026-05-13,22038,22464.920919662676
大坪林,2026-05-14,21684,22560.80518099336
大坪林,2026-05-15,23604,23549.87629673052
大坪林,2026-05-16,16894,15378.834873909169
大坪林,2026-05-17,14008,13431.654004153388
大坪林,2026-05-18,21102,21896.434336112223
大坪林,2026-05-19,21765,22237.45601484521
大坪林,2026-05-20,22327,22249.101201407844
大坪林,2026-05-21,21921,22466.2503089058
大坪林,2026-05-22,23319,23660.5872899275
大坪林,2026-05-23,17533,15586.877317942988
大坪林,2026-05-24,13909,13759.053349057893
大坪林,2026-05-25,21115,21790.88142851847
大坪林,2026-05-26,21851,22170.981972865844
大坪林,2026-05-27,22240,22314.134172166527
大坪林,2026-05-28,21978,22373.385932196397
大坪林,2026-05-29,23036,23610.362164903145
大坪林,2026-05-30,16469,15802.756844174755
大坪林,2026-05-31,13607,13343.457279776305
大安,2026-01-01,12887,14211.778466050442
大安,2026-01-02,28056,29494.248148616847
大安,2026-01-03,16789,16830.97685913698
大安,2026-01-04,12749,13108.016922931423
大安,2026-01-05,27372,26742.56298725164
大安,2026-01-06,28761,28463.373245386058
大安,2026-01-07,28577,28605.53186956406
大安,2026-01-08,28459,28453.743759459463
大安,2026-01-09,29522,29400.25457144968
大安,2026-01-10,17196,17358.690496060568
大安,2026-01-11,13199,13432.53667170386
大安,2026-01-12,26846,27220.37298857054
大安,2026-01-13,27844,28550.23825514679
大安,2026-01-14,28028,28322.96426329742
大安,2026-01-15,27905,28138.641198186084
大安,2026-01-16,30198,29087.17400281082
大安,2026-01-17,17595,17361.588910384475
大安,2026-01-18,13546,13518.13025450957
大安,2026-01-19,26387,27326.48617295089
大安,2026-01-20,28736,28363.566263327262
大安,2026-01-21,28036,28504.362192668206
大安,2026-01-22,29053,28218.474029719942
大安,2026-01-23,29366,29722.36102028656
大安,2026-01-24,17561,17369.438441780934
大安,2026-01-25,14010,13491.386492708292
大安,2026-01-26,23574,27253.46840114047
大安,2026-01-27,25352,27655.93919744114
大安,2026-01-28,24338,26998.03187098065
大安,2026-01-29,24161,26557.747905718887
大安,2026-01-30,25097,27264.21654878143
大安,2026-01-31,17229,14901.771981710992
大安,2026-02-01,12960,12203.43278613615
大安,2026-02-02,22662,25461.32378450669
大安,2026-02-03,23866,26388.22189038446
大安,2026-02-04,24862,25593.691403907396
大安,2026-02-05,24422,25794.642527847427
大安,2026-02-06,25422,26748.636612490936
大安,2026-02-07,17397,15438.119698543598
大安,2026-02-08,13486,12445.24559951887
大安,2026-02-09,23078,25043.79649654366
大安,2026-02-10,24547,26072.11591222545
大安,2026-02-11,24045,25730.601915869986
大安,2026-02-12,24179,25406.292494852343
大安,2026-02-13,22245,26338.399002710597
大安,2026-02-14,13316,14861.856488260311
大安,2026-02-15,9474,10932.877479605797
大安,2026-02-16,6438,4494.495710942647
大安,2026-02-17,6606,7039.463394004528
大安,2026-02-18,7980,7035.462088266675
大安,2026-02-19,8923,7533.964422018296
大安,2026-02-20,10149,11869.60704562822
大安,2026-02-21,11300,15873.086924305417
大安,2026-02-22,10568,10720.282276600905
大安,2026-02-23,25956,23252.7762014793
大安,2026-02-24,27538,25589.07356192224
大安,2026-02-25,27997,26422.89496333353
大安,2026-02-26,28804,27034.241807231767
大安,2026-02-27,15250,12643.65866047594
大安,2026-02-28,14945,17048.825271102723
大安,2026-03-01,12049,12852.940553204147
大安,2026-03-02,26475,25394.972121224386
大安,2026-03-03,28041,26943.429505078533
大安,2026-03-04,28030,27402.25728615108
大安,2026-03-05,28846,27755.743199256816
大安,2026-03-06,30018,28003.27933749109
大安,2026-03-07,19134,16692.671643058457
大安,2026-03-08,15532,14002.30216739412
大安,2026-03-09,27096,27364.302408074764
大安,2026-03-10,28960,28261.78234174892
大安,2026-03-11,28894,28375.71347073197
大安,2026-03-12,28833,28683.25132479597
大安,2026-03-13,30098,28795.45137580751
大安,2026-03-14,19485,17367.023209509687
大安,2026-03-15,14571,14512.84667864484
大安,2026-03-16,27305,27144.992648586387
大安,2026-03-17,28666,28387.803390550805
大安,2026-03-18,28892,28385.99137830613
大安,2026-03-19,28446,28673.623971021698
大安,2026-03-20,30566,28942.6240944124
大安,2026-03-21,18257,17894.998043717656
大安,2026-03-22,14378,14212.53464265006
大安,2026-03-23,26965,26945.18436111144
大安,2026-03-24,28464,28233.81779563907
大安,2026-03-25,28860,28322.10254567302
大安,2026-03-26,28653,28530.07636513287
大安,2026-03-27,29447,29299.60697969709
大安,2026-03-28,18115,17667.39247679917
大安,2026-03-29,13595,14035.19021583065
大安,2026-03-30,27069,26609.04064449897
大安,2026-03-31,28043,28138.40600728964
大安,2026-04-01,28095,28237.33240553462
大安,2026-04-02,28547,28220.846581058373
大安,2026-04-03,12952,14486.640146637268
大安,2026-04-04,12385,17111.922775789084
大安,2026-04-05,11454,11905.574696937769
大安,2026-04-06,11248,10350.523864824068
大安,2026-04-07,28002,26903.671299031877
大安,2026-04-08,28664,27574.354407382318
大安,2026-04-09,28281,28127.599400267853
大安,2026-04-10,29379,28674.60604995138
大安,2026-04-11,22011,16598.39626289669
大安,2026-04-12,14511,14902.931928730444
大安,2026-04-13,24454,27707.158441920543
大安,2026-04-14,28326,27986.255692431067
大安,2026-04-15,28062,28334.524188810752
大安,2026-04-16,28283,28262.54732146856
大安,2026-04-17,28991,28850.22124954836
大安,2026-04-18,21296,17549.97553492624
大安,2026-04-19,14254,14558.830570614207
大安,2026-04-20,25940,26846.888587684844
大安,2026-04-21,27613,28403.574522476312
大安,2026-04-22,27660,28253.14500240038
大安,2026-04-23,27899,28128.28910845756
大安,2026-04-24,29547,28701.4095479372
大安,2026-04-25,18048,18451.171570289065
大安,2026-04-26,15393,13560.352019988655
大安,2026-04-27,24720,26479.22101683011
大安,2026-04-28,28823,27810.57885736535
大安,2026-04-29,28793,28264.013626716507
大安,2026-04-30,29378,28489.07035115391
大安,2026-05-01,14503,14864.680319632564
大安,2026-05-02,15640,18637.515804536382
大安,2026-05-03,12504,13326.472542945858
大安,2026-05-04,27537,24939.122384752907
大安,2026-05-05,28113,28240.805451606728
大安,2026-05-06,28015,28273.629624427744
大安,2026-05-07,27482,28388.55834206281
大安,2026-05-08,28573,28754.535337007528
大安,2026-05-09,16962,17480.54756875233
大安,2026-05-10,11708,13297.000395468973
大安,2026-05-11,25921,25267.096382003587
大安,2026-05-12,27398,27654.773008568543
大安,2026-05-13,27837,27719.241627406307
大安,2026-05-14,27229,27900.112630843138
大安,2026-05-15,29027,28474.69042013751
大安,2026-05-16,19725,17349.212076786884
大安,2026-05-17,15399,13792.157833343885
大安,2026-05-18,25977,26960.71254453866
大安,2026-05-19,27908,28405.34615168595
大安,2026-05-20,27620,28306.845432326543
大安,2026-05-21,27772,27979.837721328982
大安,2026-05-22,28797,28864.11975370118
大安,2026-05-23,18061,17902.020663814714
大安,2026-05-24,13343,13642.300039437398
大安,2026-05-25,26122,25920.611298778374
大安,2026-05-26,27662,27906.64137970249
大安,2026-05-27,27520,27891.99770250293
大安,2026-05-28,27414,27756.615804304703
大安,2026-05-29,28533,28661.90410902768
大安,2026-05-30,18985,17785.227023108062
大安,2026-05-31,14145,13784.797349966864
大安森林公園,2026-01-01,6510,7285.758867638695
大安森林公園,2026-01-02,8958,8901.714535519644
大安森林公園,2026-01-03,11629,10887.485517020526
大安森林公園,2026-01-04,11216,10311.039901556796
大安森林公園,2026-01-05,8880,9283.7332523618
大安森林公園,2026-01-06,8462,9050.412274337656
大安森林公園,2026-01-07,8860,8410.594187486058
大安森林公園,2026-01-08,8637,8464.756477756557
大安森林公園,2026-01-09,9765,9609.87222596445
大安森林公園,2026-01-10,11186,11676.973619208777
大安森林公園,2026-01-11,10012,10355.131120072385
大安森林公園,2026-01-12,8512,8465.309741999248
大安森林公園,2026-01-13,9666,8652.391530135024
大安森林公園,2026-01-14,9174,9141.337896625702
大安森林公園,2026-01-15,9446,8871.449338332266
大安森林公園,2026-01-16,9910,10015.87046558876
大安森林公園,2026-01-17,11969,11661.933449209935
大安森林公園,2026-01-18,10814,10540.603513733917
大安森林公園,2026-01-19,9006,8907.211529007262
大安森林公園,2026-01-20,9076,9184.16749754272
大安森林公園,2026-01-21,8602,8916.8375669098
大安森林公園,2026-01-22,8446,8684.553396895264
大安森林公園,2026-01-23,9947,9490.880573223068
大安森林公園,2026-01-24,10752,11691.897581421928
大安森林公園,2026-01-25,11933,10073.084131523105
大安森林公園,2026-01-26,9420,9302.162978003948
大安森林公園,2026-01-27,9315,9293.801770463557
大安森林公園,2026-01-28,9102,9005.435327956211
大安森林公園,2026-01-29,9940,8813.042077942695
大安森林公園,2026-01-30,10076,10268.075311614011
大安森林公園,2026-01-31,10459,11688.546018086632
大安森林公園,2026-02-01,8492,10259.803964196311
大安森林公園,2026-02-02,7851,7806.05384692906
大安森林公園,2026-02-03,8623,8332.610797398183
大安森林公園,2026-02-04,9577,8582.698018413006
大安森林公園,2026-02-05,9236,9135.490807210004
大安森林公園,2026-02-06,9010,9895.152679810271
大安森林公園,2026-02-07,11820,11089.574008471507
大安森林公園,2026-02-08,10465,10204.71477444842
大安森林公園,2026-02-09,9046,8739.574403706167
大安森林公園,2026-02-10,10293,9070.572191634432
大安森林公園,2026-02-11,9778,9593.168161692758
大安森林公園,2026-02-12,10437,9253.029404679255
大安森林公園,2026-02-13,10867,10328.307779809888
大安森林公園,2026-02-14,12187,12300.546878929146
大安森林公園,2026-02-15,10798,10771.12621900057
大安森林公園,2026-02-16,5044,5597.927231694988
大安森林公園,2026-02-17,5166,5620.208220707709
大安森林公園,2026-02-18,5959,5309.645353602431
大安森林公園,2026-02-19,7429,5690.148897368066
大安森林公園,2026-02-20,8422,10024.504052409551
大安森林公園,2026-02-21,9919,11443.252324311108
大安森林公園,2026-02-22,9148,9648.318585792207
大安森林公園,2026-02-23,9016,7929.863014927594
大安森林公園,2026-02-24,8897,8843.906478676516
大安森林公園,2026-02-25,9268,8923.954781431135
大安森林公園,2026-02-26,9982,9202.900812593582
大安森林公園,2026-02-27,8536,9343.212053641028
大安森林公園,2026-02-28,12828,11174.54094142216
大安森林公園,2026-03-01,10445,10812.646729802971
大安森林公園,2026-03-02,9192,8972.675942564965
大安森林公園,2026-03-03,8685,9111.634204993135
大安森林公園,2026-03-04,8648,8839.075223061796
大安森林公園,2026-03-05,9507,8800.154201840589
大安森林公園,2026-03-06,10742,9770.423848285209
大安森林公園,2026-03-07,13467,12290.73578708582
大安森林公園,2026-03-08,13642,11212.664774629471
大安森林公園,2026-03-09,9522,10330.241716586512
大安森林公園,2026-03-10,9061,9454.612452195955
大安森林公園,2026-03-11,12371,8987.369088169966
大安森林公園,2026-03-12,11893,10426.176086063291
大安森林公園,2026-03-13,12423,11411.768209592772
大安森林公園,2026-03-14,19351,13277.59767755901
大安森林公園,2026-03-15,17582,14399.626580213686
大安森林公園,2026-03-16,11847,12357.714721538248
大安森林公園,2026-03-17,11960,10864.509917423824
大安森林公園,2026-03-18,12434,11084.877430738396
大安森林公園,2026-03-19,11421,10866.864871330625
大安森林公園,2026-03-20,12588,11328.904795096802
大安森林公園,2026-03-21,18320,14148.401504546337
大安森林公園,2026-03-22,23655,14181.185100695364
大安森林公園,2026-03-23,11158,14910.398744034292
大安森林公園,2026-03-24,10860,11287.99930773876
大安森林公園,2026-03-25,11216,10423.60332700247
大安森林公園,2026-03-26,10986,10138.124196395554
大安森林公園,2026-03-27,9723,11085.857339933333
大安森林公園,2026-03-28,21805,12717.274205983742
大安森林公園,2026-03-29,17761,16549.752376642627
大安森林公園,2026-03-30,11157,12061.915768274195
大安森林公園,2026-03-31,11030,10647.337946123687
大安森林公園,2026-04-01,9814,10298.17576384968
大安森林公園,2026-04-02,11388,9565.713954180928
大安森林公園,2026-04-03,9651,10112.63533526236
大安森林公園,2026-04-04,10050,13792.568853882687
大安森林公園,2026-04-05,12013,10396.480169712831
大安森林公園,2026-04-06,6981,8380.067985579166
大安森林公園,2026-04-07,8220,8565.411724231228
大安森林公園,2026-04-08,9147,8450.419330344495
大安森林公園,2026-04-09,10027,9147.11877246687
大安森林公園,2026-04-10,10487,10102.094407928404
大安森林公園,2026-04-11,13796,11822.062539116056
大安森林公園,2026-04-12,12311,11904.396354360331
大安森林公園,2026-04-13,9412,9394.065167451696
大安森林公園,2026-04-14,9235,9327.585799543494
大安森林公園,2026-04-15,9578,9208.182701796242
大安森林公園,2026-04-16,9468,9330.94573020302
大安森林公園,2026-04-17,10070,10066.066868546275
大安森林公園,2026-04-18,12007,12223.113248464582
大安森林公園,2026-04-19,13900,10886.845563909255
大安森林公園,2026-04-20,9659,10147.046782068022
大安森林公園,2026-04-21,9772,9557.528527147488
大安森林公園,2026-04-22,9746,9454.749192005764
大安森林公園,2026-04-23,9080,9319.184331222095
大安森林公園,2026-04-24,9824,9885.023108093816
大安森林公園,2026-04-25,12907,11838.220015553155
大安森林公園,2026-04-26,13075,11654.753175411208
大安森林公園,2026-04-27,9661,9810.143233747414
大安森林公園,2026-04-28,9867,9558.376533434684
大安森林公園,2026-04-29,9365,9471.69515327588
大安森林公園,2026-04-30,9358,9077.550195537451
大安森林公園,2026-05-01,10237,9343.447839505288
大安森林公園,2026-05-02,14111,12471.160712990322
大安森林公園,2026-05-03,10600,12083.239465283808
大安森林公園,2026-05-04,9023,8900.848114018168
大安森林公園,2026-05-05,8628,9129.562176293774
大安森林公園,2026-05-06,9471,8785.269032622273
大安森林公園,2026-05-07,9382,9078.165611305089
大安森林公園,2026-05-08,9527,10111.37924972758
大安森林公園,2026-05-09,10986,12029.389726827516
大安森林公園,2026-05-10,10410,10126.41508734429
大安森林公園,2026-05-11,9058,8596.189961125005
大安森林公園,2026-05-12,9513,8949.411658065503
大安森林公園,2026-05-13,8862,9278.019104607614
大安森林公園,2026-05-14,8363,8902.716161766453
大安森林公園,2026-05-15,10140,9420.971190291506
大安森林公園,2026-05-16,13761,11791.172190740826
大安森林公園,2026-05-17,11571,11560.109693830276
大安森林公園,2026-05-18,9099,9394.169932122268
大安森林公園,2026-05-19,9110,9257.843526988843
大安森林公園,2026-05-20,9517,8974.355545285433
大安森林公園,2026-05-21,9356,9022.887333676945
大安森林公園,2026-05-22,10061,10075.937517033404
大安森林公園,2026-05-23,12143,12274.530835445554
大安森林公園,2026-05-24,9927,10861.333751811802
大安森林公園,2026-05-25,8874,8443.335226935704
大安森林公園,2026-05-26,9063,8913.257858061164
大安森林公園,2026-05-27,9822,9037.268626979174
大安森林公園,2026-05-28,8987,9261.326886662797
大安森林公園,2026-05-29,9447,9850.711437569344
大安森林公園,2026-05-30,11333,11717.118406386107
大安森林公園,2026-05-31,10449,10298.194808882476
大橋頭站,2026-01-01,11001,11760.831898190883
大橋頭站,2026-01-02,15461,16033.567853577726
大橋頭站,2026-01-03,13537,13529.241448630686
大橋頭站,2026-01-04,11919,11612.054723966872
大橋頭站,2026-01-05,14241,14054.325588482356
大橋頭站,2026-01-06,14335,14408.45242731608
大橋頭站,2026-01-07,14234,14535.695626996536
大橋頭站,2026-01-08,14363,14533.012613287936
大橋頭站,2026-01-09,16089,15857.369441752218
大橋頭站,2026-01-10,14082,13767.948378600417
大橋頭站,2026-01-11,12164,11901.748676836289
大橋頭站,2026-01-12,13797,14207.579583600043
大橋頭站,2026-01-13,14305,14234.862112654477
大橋頭站,2026-01-14,14537,14448.745735218616
大橋頭站,2026-01-15,14600,14640.48435443542
大橋頭站,2026-01-16,16137,16026.720927164166
大橋頭站,2026-01-17,14419,13860.36874471713
大橋頭站,2026-01-18,12367,12070.034117543964
大橋頭站,2026-01-19,14049,14257.077005001684
大橋頭站,2026-01-20,14303,14371.757425328058
大橋頭站,2026-01-21,13966,14501.486497190528
大橋頭站,2026-01-22,14382,14428.158372911188
大橋頭站,2026-01-23,15832,15897.772627061486
大橋頭站,2026-01-24,14530,13775.821529148334
大橋頭站,2026-01-25,13065,12107.429736990733
大橋頭站,2026-01-26,14035,14512.193352111726
大橋頭站,2026-01-27,13945,14422.26535454324
大橋頭站,2026-01-28,14016,14301.470252837607
大橋頭站,2026-01-29,14891,14411.914006938525
大橋頭站,2026-01-30,16208,16078.75969314174
大橋頭站,2026-01-31,16598,14056.377168293902
大橋頭站,2026-02-01,13169,13079.088034921186
大橋頭站,2026-02-02,14558,14704.968937302216
大橋頭站,2026-02-03,15588,14623.07207360934
大橋頭站,2026-02-04,16389,14980.47044735285
大橋頭站,2026-02-05,16263,15573.130003934855
大橋頭站,2026-02-06,17495,16902.31818527948
大橋頭站,2026-02-07,18256,15084.078737547969
大橋頭站,2026-02-08,15521,13875.864149288784
大橋頭站,2026-02-09,15409,15813.417782744624
大橋頭站,2026-02-10,16073,15380.321749580678
大橋頭站,2026-02-11,15623,15525.984847663738
大橋頭站,2026-02-12,16096,15442.4327364112
大橋頭站,2026-02-13,16646,16863.450567788244
大橋頭站,2026-02-14,15193,15085.552116359117
大橋頭站,2026-02-15,11829,12827.422989759509
大橋頭站,2026-02-16,6066,7295.879177492145
大橋頭站,2026-02-17,8770,7275.4423793907135
大橋頭站,2026-02-18,9814,8186.176234826631
大橋頭站,2026-02-19,11058,8995.752781967778
大橋頭站,2026-02-20,11878,14181.722282760657
大橋頭站,2026-02-21,12367,14615.718464929714
大橋頭站,2026-02-22,10727,11447.369126964948
大橋頭站,2026-02-23,13370,13135.553137282308
大橋頭站,2026-02-24,13649,14225.921931620533
大橋頭站,2026-02-25,14622,14428.080662696862
大橋頭站,2026-02-26,16033,15067.263102763529
大橋頭站,2026-02-27,13295,12963.287094843065
大橋頭站,2026-02-28,13259,14616.91207140188
大橋頭站,2026-03-01,11289,11802.634981365658
大橋頭站,2026-03-02,13830,13532.131806297324
大橋頭站,2026-03-03,13876,14354.9498831106
大橋頭站,2026-03-04,14021,14554.677978308608
大橋頭站,2026-03-05,14892,14940.048268301687
大橋頭站,2026-03-06,16510,15928.697527000244
大橋頭站,2026-03-07,14660,14331.635294847909
大橋頭站,2026-03-08,12343,12255.125853643654
大橋頭站,2026-03-09,13949,14099.984180320498
大橋頭站,2026-03-10,14248,14484.005114665835
大橋頭站,2026-03-11,14815,14660.572476330844
大橋頭站,2026-03-12,14946,15253.694050449809
大橋頭站,2026-03-13,16745,16111.183614037
大橋頭站,2026-03-14,14840,14542.272933313356
大橋頭站,2026-03-15,12767,12384.04679186586
大橋頭站,2026-03-16,14169,14257.78284580849
大橋頭站,2026-03-17,14554,14599.44391717196
大橋頭站,2026-03-18,14391,14850.4178995389
大橋頭站,2026-03-19,14714,15084.93631960334
大橋頭站,2026-03-20,16975,16059.23004462994
大橋頭站,2026-03-21,14856,14633.56722054129
大橋頭站,2026-03-22,12479,12456.099584440182
大橋頭站,2026-03-23,14064,14143.760639914892
大橋頭站,2026-03-24,14417,14534.22771600651
大橋頭站,2026-03-25,14670,14712.25564503125
大橋頭站,2026-03-26,14836,15133.64076422829
大橋頭站,2026-03-27,16685,16235.467901819313
大橋頭站,2026-03-28,14261,14559.909917006204
大橋頭站,2026-03-29,11384,12193.08531044952
大橋頭站,2026-03-30,14061,13648.877808884652
大橋頭站,2026-03-31,14071,14396.88418064021
大橋頭站,2026-04-01,14409,14556.600459632791
大橋頭站,2026-04-02,15477,14962.504887937195
大橋頭站,2026-04-03,11501,13145.974384100951
大橋頭站,2026-04-04,10183,13848.412106958336
大橋頭站,2026-04-05,10250,10336.734607550088
大橋頭站,2026-04-06,9805,9501.130823163376
大橋頭站,2026-04-07,13662,13780.539472855611
大橋頭站,2026-04-08,14067,14236.194556273467
大橋頭站,2026-04-09,14569,14836.710209547862
大橋頭站,2026-04-10,16305,15832.068786283558
大橋頭站,2026-04-11,13981,13814.406495117682
大橋頭站,2026-04-12,11321,11936.2251371586
大橋頭站,2026-04-13,13779,13674.620533881816
大橋頭站,2026-04-14,13970,14224.544850919596
大橋頭站,2026-04-15,14161,14448.932709530056
大橋頭站,2026-04-16,14445,14877.29324361148
大橋頭站,2026-04-17,15785,15926.228363513732
大橋頭站,2026-04-18,13447,13749.415145866453
大橋頭站,2026-04-19,11896,11595.985613713972
大橋頭站,2026-04-20,14134,13836.66800027633
大橋頭站,2026-04-21,13968,14369.989890629207
大橋頭站,2026-04-22,14208,14457.813328230764
大橋頭站,2026-04-23,14184,14854.076520119022
大橋頭站,2026-04-24,15903,15799.53703009885
大橋頭站,2026-04-25,13276,13728.555210424174
大橋頭站,2026-04-26,12432,11597.297556542488
大橋頭站,2026-04-27,13914,14066.48848032318
大橋頭站,2026-04-28,14361,14285.263987552324
大橋頭站,2026-04-29,14527,14575.213514299749
大橋頭站,2026-04-30,15995,14933.937043908436
大橋頭站,2026-05-01,13400,13223.904171010015
大橋頭站,2026-05-02,13047,14181.457245885727
大橋頭站,2026-05-03,11524,11742.658270799153
大橋頭站,2026-05-04,14197,13693.8350150784
大橋頭站,2026-05-05,14222,14333.227919485807
大橋頭站,2026-05-06,14444,14529.200068564702
大橋頭站,2026-05-07,14587,15060.085591810626
大橋頭站,2026-05-08,16258,16023.949056221833
大橋頭站,2026-05-09,13716,13715.410011672891
大橋頭站,2026-05-10,10957,11862.849411678157
大橋頭站,2026-05-11,13865,13593.78958775111
大橋頭站,2026-05-12,13997,14143.728757652025
大橋頭站,2026-05-13,14054,14389.2139950452
大橋頭站,2026-05-14,14015,14777.345331319366
大橋頭站,2026-05-15,15911,15783.797041122478
大橋頭站,2026-05-16,14000,13551.889468409014
大橋頭站,2026-05-17,11965,11802.221762018638
大橋頭站,2026-05-18,13812,14020.167073696628
大橋頭站,2026-05-19,13847,14207.400134567772
大橋頭站,2026-05-20,14094,14307.436537965104
大橋頭站,2026-05-21,14416,14691.10338970234
大橋頭站,2026-05-22,15620,15950.300816555611
大橋頭站,2026-05-23,13663,13542.343551253569
大橋頭站,2026-05-24,11486,11705.805412626169
大橋頭站,2026-05-25,13502,13759.403497313611
大橋頭站,2026-05-26,13568,13986.60618381368
大橋頭站,2026-05-27,13754,14136.919704753993
大橋頭站,2026-05-28,13934,14508.567237246029
大橋頭站,2026-05-29,15843,15671.14300780943
大橋頭站,2026-05-30,13538,13573.814762764445
大橋頭站,2026-05-31,11291,11629.93443169974
大湖公園,2026-01-01,2341,2863.9529263444765
大湖公園,2026-01-02,3168,3304.785799703034
大湖公園,2026-01-03,3599,3145.0529013224286
大湖公園,2026-01-04,4564,3156.8677123307048
大湖公園,2026-01-05,3834,4165.705613193692
大湖公園,2026-01-06,3476,3636.655881845045
大湖公園,2026-01-07,3667,3457.217904177227
大湖公園,2026-01-08,3755,3494.952642732659
大湖公園,2026-01-09,4312,3826.81588816588
大湖公園,2026-01-10,4728,3693.550784520882
大湖公園,2026-01-11,4618,3719.325898813389
大湖公園,2026-01-12,3780,4116.995777559944
大湖公園,2026-01-13,4499,3606.458719214644
大湖公園,2026-01-14,4787,3998.492462218285
大湖公園,2026-01-15,4800,4029.6469849559926
大湖公園,2026-01-16,4754,4321.286457667418
大湖公園,2026-01-17,6419,3890.0668103271546
大湖公園,2026-01-18,6781,4549.901391597846
大湖公園,2026-01-19,4317,5119.6662335942765
大湖公園,2026-01-20,3663,3805.654761265892
大湖公園,2026-01-21,3443,3579.3568272414336
大湖公園,2026-01-22,3475,3415.9148725673995
大湖公園,2026-01-23,4101,3719.996892046215
大湖公園,2026-01-24,3458,3681.647777383919
大湖公園,2026-01-25,5568,3130.343756617541
大湖公園,2026-01-26,4558,4644.231425077751
大湖公園,2026-01-27,3599,3947.990569400895
大湖公園,2026-01-28,3708,3503.1879457978894
大湖公園,2026-01-29,4449,3536.8485130199506
大湖公園,2026-01-30,4531,4199.174500417928
大湖公園,2026-01-31,3215,3773.150377171116
大湖公園,2026-02-01,2296,3012.270621775441
大湖公園,2026-02-02,3203,3021.801337844419
大湖公園,2026-02-03,3886,3428.222060902905
大湖公園,2026-02-04,4529,3712.786117728448
大湖公園,2026-02-05,4367,3959.77415557961
大湖公園,2026-02-06,3754,4116.505647508629
大湖公園,2026-02-07,2964,3374.01400368434
大湖公園,2026-02-08,2761,2835.8303166049245
大湖公園,2026-02-09,3422,3275.2928112080835
大湖公園,2026-02-10,4052,3537.7891574006367
大湖公園,2026-02-11,3574,3809.95237077544
大湖公園,2026-02-12,4044,3457.991887267023
大湖公園,2026-02-13,4157,3984.0374887341054
大湖公園,2026-02-14,3316,3590.868104554247
大湖公園,2026-02-15,2819,3005.6337864577786
大湖公園,2026-02-16,1464,2598.384276700161
大湖公園,2026-02-17,2446,2210.15102833042
大湖公園,2026-02-18,2494,2695.127151170688
大湖公園,2026-02-19,3804,2620.9739228968983
大湖公園,2026-02-20,3819,3940.475076942976
大湖公園,2026-02-21,4664,3549.15877861762
大湖公園,2026-02-22,3915,3688.685177328912
大湖公園,2026-02-23,3612,3727.735248415274
大湖公園,2026-02-24,3620,3580.7864632582773
大湖公園,2026-02-25,3442,3555.8701208619204
大湖公園,2026-02-26,3816,3447.209576921062
大湖公園,2026-02-27,3152,3576.986865589781
大湖公園,2026-02-28,3179,3294.455767691983
大湖公園,2026-03-01,2907,2981.639226935426
大湖公園,2026-03-02,3372,3320.1937284821006
大湖公園,2026-03-03,3271,3500.159250252843
大湖公園,2026-03-04,3374,3388.9072888638693
大湖公園,2026-03-05,3543,3411.3863109355484
大湖公園,2026-03-06,3624,3732.390902223279
大湖公園,2026-03-07,3365,3361.330431093547
大湖公園,2026-03-08,3128,3056.766486288692
大湖公園,2026-03-09,3254,3428.781425781122
大湖公園,2026-03-10,3275,3420.571169817769
大湖公園,2026-03-11,3906,3401.1180002995743
大湖公園,2026-03-12,3739,3673.40569959252
大湖公園,2026-03-13,4007,3810.7350541497503
大湖公園,2026-03-14,4075,3550.026939326432
大湖公園,2026-03-15,3956,3400.4776967567063
大湖公園,2026-03-16,3606,3804.575174855645
大湖公園,2026-03-17,3721,3559.118790268616
大湖公園,2026-03-18,3837,3629.623036627994
大湖公園,2026-03-19,3652,3614.439570342054
大湖公園,2026-03-20,3939,3782.56918554284
大湖公園,2026-03-21,3560,3537.208129085161
大湖公園,2026-03-22,4027,3159.8492122629905
大湖公園,2026-03-23,3581,3865.840949958352
大湖公園,2026-03-24,3698,3549.165092709321
大湖公園,2026-03-25,3832,3613.638750326261
大湖公園,2026-03-26,3770,3612.3459147566696
大湖公園,2026-03-27,3587,3842.580017697147
大湖公園,2026-03-28,3377,3339.550003488981
大湖公園,2026-03-29,3760,3101.1484273043425
大湖公園,2026-03-30,3513,3734.321944166972
大湖公園,2026-03-31,3616,3529.1088881751725
大湖公園,2026-04-01,3429,3575.8057344355784
大湖公園,2026-04-02,3866,3416.7932909250267
大湖公園,2026-04-03,3344,3596.60125433901
大湖公園,2026-04-04,2582,3362.749885037556
大湖公園,2026-04-05,3203,2695.028424822025
大湖公園,2026-04-06,2550,3192.788851831522
大湖公園,2026-04-07,3252,3219.3465197685887
大湖公園,2026-04-08,3592,3413.583252444949
大湖公園,2026-04-09,3754,3526.205778903427
大湖公園,2026-04-10,3771,3830.631293882847
大湖公園,2026-04-11,3914,3405.5555048225733
大湖公園,2026-04-12,3903,3360.6129929729973
大湖公園,2026-04-13,3452,3763.701097173072
大湖公園,2026-04-14,3581,3491.030866092022
大湖公園,2026-04-15,3709,3560.713602643938
大湖公園,2026-04-16,3519,3566.3859334100034
大湖公園,2026-04-17,3854,3711.8291883027705
大湖公園,2026-04-18,5022,3498.3340633907133
大湖公園,2026-04-19,3768,3919.6647752783774
大湖公園,2026-04-20,3464,3643.097804073188
大湖公園,2026-04-21,3702,3512.731414616609
大湖公園,2026-04-22,3644,3620.185068965983
大湖公園,2026-04-23,3382,3519.2540202115783
大湖公園,2026-04-24,3421,3653.169100850272
大湖公園,2026-04-25,3055,3324.0235877492446
大湖公園,2026-04-26,3863,2926.9394701731358
大湖公園,2026-04-27,3679,3797.481103793109
大湖公園,2026-04-28,3698,3609.3020704597775
大湖公園,2026-04-29,3508,3605.0376491295856
大湖公園,2026-04-30,3603,3448.198379387807
大湖公園,2026-05-01,3680,3457.7635255856835
大湖公園,2026-05-02,3584,3546.134560993421
大湖公園,2026-05-03,3016,3200.528596900898
大湖公園,2026-05-04,3313,3344.425105140376
大湖公園,2026-05-05,3312,3470.270636431253
大湖公園,2026-05-06,3589,3420.28145728221
大湖公園,2026-05-07,3725,3517.2478261622823
大湖公園,2026-05-08,3603,3829.535095879668
大湖公園,2026-05-09,2938,3355.1923090790983
大湖公園,2026-05-10,3102,2863.856865263388
大湖公園,2026-05-11,3576,3422.731396278049
大湖公園,2026-05-12,3527,3587.5320680187037
大湖公園,2026-05-13,3291,3523.945422785108
大湖公園,2026-05-14,3307,3359.168387895469
大湖公園,2026-05-15,3773,3621.8695016009538
大湖公園,2026-05-16,4155,3447.2208730547904
大湖公園,2026-05-17,3748,3480.553572725601
大湖公園,2026-05-18,3494,3691.345631844108
大湖公園,2026-05-19,3515,3520.195679907536
大湖公園,2026-05-20,3544,3513.1330288997683
大湖公園,2026-05-21,3605,3479.731108865521
大湖公園,2026-05-22,3805,3769.934637998389
大湖公園,2026-05-23,3555,3483.3328894789947
大湖公園,2026-05-24,3310,3179.407340015505
大湖公園,2026-05-25,3331,3491.423961498101
大湖公園,2026-05-26,3397,3459.3957418797672
大湖公園,2026-05-27,3401,3467.1189146541687
大湖公園,2026-05-28,3443,3418.389861376268
大湖公園,2026-05-29,3521,3692.3677901428982
大湖公園,2026-05-30,3461,3331.5064194757038
大湖公園,2026-05-31,3182,3143.362710545753
大直,2026-01-01,5165,5863.900039840397
大直,2026-01-02,10105,10467.818839484362
大直,2026-01-03,6233,6436.923420648061
大直,2026-01-04,5270,5026.620535083703
大直,2026-01-05,8801,9439.246045806563
大直,2026-01-06,9080,9726.511700658686
大直,2026-01-07,9178,9557.86686401534
大直,2026-01-08,9575,9284.571765229248
大直,2026-01-09,10123,9943.498444579696
大直,2026-01-10,6975,6355.847984434296
大直,2026-01-11,6567,5410.327163328042
大直,2026-01-12,8500,9856.615680312096
大直,2026-01-13,8650,9495.88037683068
大直,2026-01-14,8999,9175.363820598004
大直,2026-01-15,8895,9338.27248796919
大直,2026-01-16,9702,9696.25657970647
大直,2026-01-17,6557,6262.024695372365
大直,2026-01-18,5412,5372.3310797102895
大直,2026-01-19,8155,8923.434554108939
大直,2026-01-20,9084,9010.632655317702
大直,2026-01-21,9101,9296.061094271068
大直,2026-01-22,8765,9286.460629406576
大直,2026-01-23,9575,9644.611800237191
大直,2026-01-24,6123,6172.695626258566
大直,2026-01-25,5248,4941.658455274934
大直,2026-01-26,7909,8823.526444931853
大直,2026-01-27,8163,9028.411565333943
大直,2026-01-28,8442,8782.539511197117
大直,2026-01-29,8654,8756.621548281371
大直,2026-01-30,9104,9441.6551088654
大直,2026-01-31,6342,5805.708273105873
大直,2026-02-01,4836,4999.835824513009
大直,2026-02-02,8015,8575.34580245513
大直,2026-02-03,8704,8828.526016244845
大直,2026-02-04,8631,9005.857336314566
大直,2026-02-05,8459,9000.919054038237
大直,2026-02-06,8992,9313.605943335097
大直,2026-02-07,6294,5866.80265685883
大直,2026-02-08,4946,4851.121013814332
大直,2026-02-09,7850,8669.415628419189
大直,2026-02-10,8226,8876.845211108266
大直,2026-02-11,8179,8718.448536412583
大直,2026-02-12,8122,8606.585030601624
大直,2026-02-13,7988,9041.765115320732
大直,2026-02-14,4989,5317.621453897849
大直,2026-02-15,3836,4084.399970187187
大直,2026-02-16,2540,1974.671601197515
大直,2026-02-17,2922,2973.509136416364
大直,2026-02-18,3222,3095.4889622436717
大直,2026-02-19,3783,3254.951872718128
大直,2026-02-20,4062,4922.324630214536
大直,2026-02-21,4875,5823.520081651839
大直,2026-02-22,4706,4135.962514607034
大直,2026-02-23,9730,8608.536455117408
大直,2026-02-24,10420,9727.145045929572
大直,2026-02-25,10840,10123.638651410489
大直,2026-02-26,11707,10508.108676267984
大直,2026-02-27,6342,6241.499295429421
大直,2026-02-28,5770,7115.08213194209
大直,2026-03-01,4810,5175.758254901411
大直,2026-03-02,10270,9125.025115572544
大直,2026-03-03,10498,10288.4424765637
大直,2026-03-04,10756,10444.75284783249
大直,2026-03-05,11188,10746.77118123884
大直,2026-03-06,11425,11005.443786864384
大直,2026-03-07,7031,7000.392095166089
大直,2026-03-08,5603,5640.3980116379935
大直,2026-03-09,10130,9789.870408906758
大直,2026-03-10,10694,10319.393780360067
大直,2026-03-11,10998,10526.208454488697
大直,2026-03-12,11178,10797.752346352245
大直,2026-03-13,11731,11176.229219953855
大直,2026-03-14,7229,7434.795608625573
大直,2026-03-15,5716,5815.259992188789
大直,2026-03-16,10192,9734.60537802106
大直,2026-03-17,10706,10413.063549851646
大直,2026-03-18,10985,10589.96133936541
大直,2026-03-19,11111,10772.05257433433
大直,2026-03-20,11541,11221.23957095873
大直,2026-03-21,8223,7332.56486050919
大直,2026-03-22,5859,6272.536564320038
大直,2026-03-23,9940,9939.61690021257
大直,2026-03-24,10589,10340.365949687
大直,2026-03-25,10854,10516.852856577194
大直,2026-03-26,10827,10681.33026410344
大直,2026-03-27,11144,11030.90916292877
大直,2026-03-28,7063,7366.930359069433
大直,2026-03-29,5720,5542.094858136601
大直,2026-03-30,10056,9593.575690496598
大直,2026-03-31,10540,10329.546915375917
大直,2026-04-01,10726,10488.736635522771
大直,2026-04-02,9535,10570.105447258296
大直,2026-04-03,5393,5508.865926337981
大直,2026-04-04,4719,6500.432483055516
大直,2026-04-05,4727,4317.96914023126
大直,2026-04-06,4550,4020.2086264934096
大直,2026-04-07,10152,9746.79068004802
大直,2026-04-08,10648,10122.4412727923
大直,2026-04-09,10767,10126.548102912691
大直,2026-04-10,10972,10829.6383752683
大直,2026-04-11,9211,6599.930530878242
大直,2026-04-12,6389,6795.514282832017
大直,2026-04-13,9784,10359.489301378317
大直,2026-04-14,10308,10414.988341490309
大直,2026-04-15,10481,10444.68899292652
大直,2026-04-16,10465,10439.398143559669
大直,2026-04-17,10848,10722.438188035909
大直,2026-04-18,7400,7474.352744713178
大直,2026-04-19,5831,5688.126528897725
大直,2026-04-20,9779,9572.30336645801
大直,2026-04-21,10152,10161.756820824188
大直,2026-04-22,10469,10235.20786708486
大直,2026-04-23,10257,10337.73954211309
大直,2026-04-24,11417,10619.528405665382
大直,2026-04-25,6891,7337.657802589834
大直,2026-04-26,6681,5592.035329561739
大直,2026-04-27,10190,10071.325890731969
大直,2026-04-28,10622,10465.441475949629
大直,2026-04-29,10701,10583.812410916062
大直,2026-04-30,11770,10498.357960452133
大直,2026-05-01,6313,6798.3236866934585
大直,2026-05-02,6549,7223.857554541695
大直,2026-05-03,5251,5710.440919292974
大直,2026-05-04,10130,9330.134271480149
大直,2026-05-05,10357,10273.12074430196
大直,2026-05-06,10855,10372.499338588112
大直,2026-05-07,10751,10859.39398183528
大直,2026-05-08,11152,10841.55070823892
大直,2026-05-09,7435,6986.889944424529
大直,2026-05-10,5577,5814.427592449305
大直,2026-05-11,9959,9785.927880334024
大直,2026-05-12,10368,10257.811533620234
大直,2026-05-13,10682,10469.49477693174
大直,2026-05-14,10670,10534.093611071168
大直,2026-05-15,11153,10908.022382121162
大直,2026-05-16,8180,7212.686244244795
大直,2026-05-17,6321,6154.923306241015
大直,2026-05-18,9931,10160.953275722628
大直,2026-05-19,10449,10379.975942468114
大直,2026-05-20,10508,10507.649674779062
大直,2026-05-21,10342,10472.038142898553
大直,2026-05-22,10921,10748.663808410856
大直,2026-05-23,6939,7250.979991287872
大直,2026-05-24,5743,5582.515318210215
大直,2026-05-25,9745,9572.709837356017
大直,2026-05-26,10544,10155.024899204223
大直,2026-05-27,10462,10439.776965021852
大直,2026-05-28,10490,10382.592066682404
大直,2026-05-29,10874,10809.3371639182
大直,2026-05-30,7018,6991.865667382484
大直,2026-05-31,5510,5644.811749741704
奇岩,2026-01-01,5468,5707.203029627343
奇岩,2026-01-02,9014,9740.812961479143
奇岩,2026-01-03,6862,6388.563958626156
奇岩,2026-01-04,5573,5578.32441575838
奇岩,2026-01-05,9437,9147.134378471415
奇岩,2026-01-06,9570,9583.191572885316
奇岩,2026-01-07,9567,9582.838265059165
奇岩,2026-01-08,9595,9463.075661357365
奇岩,2026-01-09,10074,9780.323050978745
奇岩,2026-01-10,6808,6814.252849023026
奇岩,2026-01-11,5495,5569.935900412237
奇岩,2026-01-12,9138,9126.340570085078
奇岩,2026-01-13,9596,9464.38281674835
奇岩,2026-01-14,9631,9578.604421531809
奇岩,2026-01-15,9588,9507.830779417178
奇岩,2026-01-16,9868,9835.522804734024
奇岩,2026-01-17,7072,6721.178730743098
奇岩,2026-01-18,6207,5653.20812447793
奇岩,2026-01-19,9286,9367.592180193857
奇岩,2026-01-20,9504,9538.293685287172
奇岩,2026-01-21,9380,9553.736045839769
奇岩,2026-01-22,9460,9419.886421813851
奇岩,2026-01-23,9844,9778.130836709002
奇岩,2026-01-24,7159,6739.121885400434
奇岩,2026-01-25,6333,5732.606578660562
奇岩,2026-01-26,9794,9405.182214908247
奇岩,2026-01-27,9502,9709.96278193868
奇岩,2026-01-28,9333,9544.127306244132
奇岩,2026-01-29,9989,9403.281886587054
奇岩,2026-01-30,10212,9966.616527157545
奇岩,2026-01-31,6981,6895.84922233554
奇岩,2026-02-01,5670,5701.959150681781
奇岩,2026-02-02,9168,9205.873405662314
奇岩,2026-02-03,9534,9463.992584975113
奇岩,2026-02-04,9697,9535.322966507398
奇岩,2026-02-05,9964,9577.86297626012
奇岩,2026-02-06,10222,9980.812998699674
奇岩,2026-02-07,7086,6887.222058554046
奇岩,2026-02-08,5590,5708.92317831998
奇岩,2026-02-09,9156,9159.428856172794
奇岩,2026-02-10,9558,9473.598963463372
奇岩,2026-02-11,9412,9566.538285886134
奇岩,2026-02-12,9557,9484.613155991186
奇岩,2026-02-13,9293,9842.837037499414
奇岩,2026-02-14,5780,6566.684282725709
奇岩,2026-02-15,4460,5226.342576547503
奇岩,2026-02-16,3378,6039.948341886924
奇岩,2026-02-17,8771,5677.690141362444
奇岩,2026-02-18,7715,7469.030065719797
奇岩,2026-02-19,8261,7149.731955727062
奇岩,2026-02-20,6411,6436.325540678191
奇岩,2026-02-21,6935,6857.745971475201
奇岩,2026-02-22,5429,5589.036747244038
奇岩,2026-02-23,9277,8880.10881900223
奇岩,2026-02-24,9747,9771.306973388728
奇岩,2026-02-25,9709,9642.035427614072
奇岩,2026-02-26,10187,9668.102594861206
奇岩,2026-02-27,7200,6173.192763219092
奇岩,2026-02-28,6742,7162.707748148819
奇岩,2026-03-01,5639,5553.187700794567
奇岩,2026-03-02,9329,9100.688621913876
奇岩,2026-03-03,9710,9655.293719408235
奇岩,2026-03-04,9995,9625.102054221876
奇岩,2026-03-05,10017,9762.36078155104
奇岩,2026-03-06,10254,10065.479933213292
奇岩,2026-03-07,7121,6840.674475294717
奇岩,2026-03-08,6284,5689.579461118735
奇岩,2026-03-09,9369,9339.484123490558
奇岩,2026-03-10,9766,9678.531683588011
奇岩,2026-03-11,10208,9673.133260560224
奇岩,2026-03-12,9909,9834.194903137988
奇岩,2026-03-13,10118,10001.771839557052
奇岩,2026-03-14,7555,6833.046747663576
奇岩,2026-03-15,5927,5885.855868881049
奇岩,2026-03-16,9387,9212.610461195456
奇岩,2026-03-17,9976,9684.327288409972
奇岩,2026-03-18,9991,9775.038139094571
奇岩,2026-03-19,9718,9755.132364775272
奇岩,2026-03-20,9831,9930.86766826613
奇岩,2026-03-21,7219,6777.9270688313945
奇岩,2026-03-22,6131,5740.721158179077
奇岩,2026-03-23,9374,9291.61295584157
奇岩,2026-03-24,9851,9702.941800374489
奇岩,2026-03-25,9881,9724.902659942136
奇岩,2026-03-26,9833,9707.677618052374
奇岩,2026-03-27,9855,9955.598458250814
奇岩,2026-03-28,6989,6792.612994228827
奇岩,2026-03-29,5450,5689.8418183550375
奇岩,2026-03-30,9561,9048.263142858232
奇岩,2026-03-31,9735,9757.44500286758
奇岩,2026-04-01,9717,9688.970975323007
奇岩,2026-04-02,9989,9660.315287879628
奇岩,2026-04-03,6056,6143.495073601477
奇岩,2026-04-04,5583,6811.821515788285
奇岩,2026-04-05,5426,5160.253650006355
奇岩,2026-04-06,4781,5197.142266336746
奇岩,2026-04-07,9406,9424.311899096492
奇岩,2026-04-08,9914,9554.456352583657
奇岩,2026-04-09,9940,9745.767587619606
奇岩,2026-04-10,10023,9986.388550218397
奇岩,2026-04-11,7602,6736.996716870738
奇岩,2026-04-12,5861,5902.234291209007
奇岩,2026-04-13,9200,9183.426681989731
奇岩,2026-04-14,9818,9627.571344492218
奇岩,2026-04-15,9812,9736.22763106183
奇岩,2026-04-16,9588,9718.149544921916
奇岩,2026-04-17,9892,9868.666654011357
奇岩,2026-04-18,6731,6810.765417865879
奇岩,2026-04-19,5749,5579.726422687977
奇岩,2026-04-20,9195,9149.255804988015
奇岩,2026-04-21,9613,9640.199065409455
奇岩,2026-04-22,9634,9654.618664680824
奇岩,2026-04-23,9520,9632.545306313956
奇岩,2026-04-24,9692,9842.490404958788
奇岩,2026-04-25,6844,6697.523801443668
奇岩,2026-04-26,6459,5631.639725472621
奇岩,2026-04-27,9501,9403.929586974658
奇岩,2026-04-28,9784,9747.924251116394
奇岩,2026-04-29,10026,9713.984073430986
奇岩,2026-04-30,10144,9768.84266039776
奇岩,2026-05-01,6860,6193.963247767254
奇岩,2026-05-02,6592,7082.076279529832
奇岩,2026-05-03,5351,5620.710297504146
奇岩,2026-05-04,9404,9017.98569126208
奇岩,2026-05-05,10003,9700.684022490192
奇岩,2026-05-06,10043,9815.28737524245
奇岩,2026-05-07,9978,9814.405309179703
奇岩,2026-05-08,10222,10058.025221014092
奇岩,2026-05-09,7485,6857.711109798379
奇岩,2026-05-10,5641,5867.526583772372
奇岩,2026-05-11,9494,9160.779101593072
奇岩,2026-05-12,10006,9760.855720633805
奇岩,2026-05-13,9867,9823.260466374502
奇岩,2026-05-14,9579,9750.205239579223
奇岩,2026-05-15,9982,9900.15808341281
奇岩,2026-05-16,7068,6840.560473982129
奇岩,2026-05-17,6156,5708.459739547589
奇岩,2026-05-18,9294,9345.655032932696
奇岩,2026-05-19,9739,9705.312460674912
奇岩,2026-05-20,9811,9719.874338319369
奇岩,2026-05-21,9897,9704.219414610943
奇岩,2026-05-22,10058,10009.005144422432
奇岩,2026-05-23,7091,6864.537075962976
奇岩,2026-05-24,5660,5765.483686063811
奇岩,2026-05-25,9119,9152.31149037654
奇岩,2026-05-26,9839,9627.822313985464
奇岩,2026-05-27,9836,9757.145105318705
奇岩,2026-05-28,9638,9737.517525658
奇岩,2026-05-29,10004,9918.633635431306
奇岩,2026-05-30,6891,6849.298662272907
奇岩,2026-05-31,5882,5666.467036874453
小南門,2026-01-01,4094,4223.973787624655
小南門,2026-01-02,11660,12172.63207057754
小南門,2026-01-03,4930,4810.2243844479535
小南門,2026-01-04,4417,3989.0571759900185
小南門,2026-01-05,11050,12039.911561272447
小南門,2026-01-06,11193,11843.748416936996
小南門,2026-01-07,11213,11350.52546518581
小南門,2026-01-08,11287,11421.74454378168
小南門,2026-01-09,11360,11557.602415726138
小南門,2026-01-10,5200,4673.829431850941
小南門,2026-01-11,4673,4219.316100977489
小南門,2026-01-12,10714,11753.39908938601
小南門,2026-01-13,11052,11462.40533117549
小南門,2026-01-14,11109,11279.57829691124
小南門,2026-01-15,11196,11359.910379523491
小南門,2026-01-16,11272,11503.52549527804
小南門,2026-01-17,5238,4765.362830405732
小南門,2026-01-18,4442,4287.031486952344
小南門,2026-01-19,10245,11474.380561988695
小南門,2026-01-20,10915,11193.282190436354
小南門,2026-01-21,10794,11158.402587629418
小南門,2026-01-22,11262,11170.746911846065
小南門,2026-01-23,11351,11489.37061961142
小南門,2026-01-24,4829,4846.961409168659
小南門,2026-01-25,4364,4031.420222581176
小南門,2026-01-26,9913,11262.380451331584
小南門,2026-01-27,10273,11035.077246489787
小南門,2026-01-28,10331,10739.241463327971
小南門,2026-01-29,10344,10945.35411198825
小南門,2026-01-30,10006,10994.085139023457
小南門,2026-01-31,4757,3966.226862590708
小南門,2026-02-01,4034,3907.473231326817
小南門,2026-02-02,9633,10950.329582564753
小南門,2026-02-03,10009,10711.27129440278
小南門,2026-02-04,10117,10532.845675433282
小南門,2026-02-05,9937,10623.34736524954
小南門,2026-02-06,10058,10510.707867477173
小南門,2026-02-07,4644,4163.7598601322
小南門,2026-02-08,4041,3810.519129514155
小南門,2026-02-09,9325,10872.616631495524
小南門,2026-02-10,9517,10506.280671501012
小南門,2026-02-11,9345,10230.656472199616
小南門,2026-02-12,9263,10092.65191813958
小南門,2026-02-13,8633,10155.035078254805
小南門,2026-02-14,3594,3370.1728338229104
小南門,2026-02-15,2857,3174.78789981713
小南門,2026-02-16,1944,2513.461703636586
小南門,2026-02-17,2475,2810.7960115295346
小南門,2026-02-18,2848,2778.848448568237
小南門,2026-02-19,3181,3032.8063700042467
小南門,2026-02-20,3447,2958.5395496279443
小南門,2026-02-21,3701,4701.559463774508
小南門,2026-02-22,3527,3319.906140219752
小南門,2026-02-23,12038,10616.206663208664
小南門,2026-02-24,12447,11811.284295417288
小南門,2026-02-25,12405,11970.242168723937
小南門,2026-02-26,12658,12062.299332914805
小南門,2026-02-27,4783,4623.911734228278
小南門,2026-02-28,4687,5203.105374531185
小南門,2026-03-01,4196,4071.870909299557
小南門,2026-03-02,12594,11692.457879628735
小南門,2026-03-03,12803,12479.60763218002
小南門,2026-03-04,12966,12377.833010548988
小南門,2026-03-05,13008,12587.24348087914
小南門,2026-03-06,13117,12582.6208516741
小南門,2026-03-07,5645,5576.896375601883
小南門,2026-03-08,4640,4625.366158119413
小南門,2026-03-09,12833,12070.616247664622
小南門,2026-03-10,12890,12665.949739517857
小南門,2026-03-11,12985,12557.785334440705
小南門,2026-03-12,13385,12632.24802895658
小南門,2026-03-13,13255,12904.550566665594
小南門,2026-03-14,6027,5838.24308200167
小南門,2026-03-15,5090,4808.920426062922
小南門,2026-03-16,12798,12339.833031119051
小南門,2026-03-17,13095,12678.864942028142
小南門,2026-03-18,13033,12666.54266235928
小南門,2026-03-19,13154,12795.984099073756
小南門,2026-03-20,13465,12794.728373190814
小南門,2026-03-21,5736,6005.26467513212
小南門,2026-03-22,4900,4751.937950075821
小南門,2026-03-23,12756,12160.831604815836
小南門,2026-03-24,13042,12699.4805893662
小南門,2026-03-25,12884,12630.666171214423
小南門,2026-03-26,13120,12656.644468021788
小南門,2026-03-27,12617,12872.286915401886
小南門,2026-03-28,4921,5465.91514382307
小南門,2026-03-29,4151,4259.283980759673
小南門,2026-03-30,12655,11744.15599987248
小南門,2026-03-31,12733,12579.170787587816
小南門,2026-04-01,11042,12432.418404463708
小南門,2026-04-02,10850,11732.79462883655
小南門,2026-04-03,3803,3659.3121540931934
小南門,2026-04-04,3316,4554.92305692746
小南門,2026-04-05,3457,3244.8109754319985
小南門,2026-04-06,3158,3674.929618395022
小南門,2026-04-07,11014,11542.87283284005
小南門,2026-04-08,12557,10909.932116800996
小南門,2026-04-09,12780,11933.65179158005
小南門,2026-04-10,13023,12464.162960020243
小南門,2026-04-11,5767,5246.882106516722
小南門,2026-04-12,4372,4709.609984114201
小南門,2026-04-13,12484,11699.1880507462
小南門,2026-04-14,12972,12274.45029046417
小南門,2026-04-15,12986,12784.968613615669
小南門,2026-04-16,12721,12732.82116475581
小南門,2026-04-17,12688,12649.3194549629
小南門,2026-04-18,5177,5500.182856418768
小南門,2026-04-19,4867,4248.294050572657
小南門,2026-04-20,12764,12167.731245658057
小南門,2026-04-21,12897,12741.181407010345
小南門,2026-04-22,12682,12596.63013970719
小南門,2026-04-23,13018,12454.642942333216
小南門,2026-04-24,12982,12673.7043530692
小南門,2026-04-25,5529,5543.551895946775
小南門,2026-04-26,5105,4691.947976190461
小南門,2026-04-27,12726,12367.539651211802
小南門,2026-04-28,13117,12689.199808609925
小南門,2026-04-29,12924,12633.213177403906
小南門,2026-04-30,13163,12734.506311238008
小南門,2026-05-01,4572,5140.427629096958
小南門,2026-05-02,4918,5245.93353150472
小南門,2026-05-03,4315,4350.013169190665
小南門,2026-05-04,13272,11871.10677786628
小南門,2026-05-05,13115,12954.959508557457
小南門,2026-05-06,13156,12710.834437744516
小南門,2026-05-07,13007,12873.277614148976
小南門,2026-05-08,12932,12533.22008690274
小南門,2026-05-09,5083,5491.225278260335
小南門,2026-05-10,4005,4376.19803546053
小南門,2026-05-11,12321,12056.113194767266
小南門,2026-05-12,12751,12410.245960274002
小南門,2026-05-13,12883,12511.183191874989
小南門,2026-05-14,12411,12621.877236860011
小南門,2026-05-15,12907,12410.083597547697
小南門,2026-05-16,5601,5363.866797949432
小南門,2026-05-17,4956,4491.618652749553
小南門,2026-05-18,12590,12368.97957758854
小南門,2026-05-19,12788,12682.774932305156
小南門,2026-05-20,12840,12581.024396171724
小南門,2026-05-21,12753,12493.763351415497
小南門,2026-05-22,13041,12677.998798598452
小南門,2026-05-23,5646,5623.719792315794
小南門,2026-05-24,4502,4733.21203913354
小南門,2026-05-25,12443,12090.664889799506
小南門,2026-05-26,12807,12525.520306747889
小南門,2026-05-27,12850,12554.320602421838
小南門,2026-05-28,12581,12599.74751817906
小南門,2026-05-29,12537,12596.497090030882
小南門,2026-05-30,5659,5343.807736393347
小南門,2026-05-31,4386,4555.127215565565
小碧潭,2026-01-01,2815,3411.321997365278
小碧潭,2026-01-02,3490,3406.4502773921863
小碧潭,2026-01-03,2788,3244.4896024492828
小碧潭,2026-01-04,3027,2927.1998917620704
小碧潭,2026-01-05,3102,3168.88254554109
小碧潭,2026-01-06,3229,3265.5630862278667
小碧潭,2026-01-07,3115,3342.680215829626
小碧潭,2026-01-08,3353,3264.562769801133
小碧潭,2026-01-09,3479,3579.5005973245607
小碧潭,2026-01-10,2933,3200.4169346056137
小碧潭,2026-01-11,2932,2992.1382934393914
小碧潭,2026-01-12,3030,3114.0351770270004
小碧潭,2026-01-13,3223,3235.5048693352314
小碧潭,2026-01-14,3298,3303.2585278182632
小碧潭,2026-01-15,3341,3371.9823445170364
小碧潭,2026-01-16,3349,3556.600268825302
小碧潭,2026-01-17,4368,3144.86186942781
小碧潭,2026-01-18,3107,3541.4912416646885
小碧潭,2026-01-19,3166,3144.789015370492
小碧潭,2026-01-20,3708,3286.63696187259
小碧潭,2026-01-21,3377,3497.8204193257666
小碧潭,2026-01-22,3417,3386.505794740818
小碧潭,2026-01-23,3435,3568.2888417843023
小碧潭,2026-01-24,2959,3313.9973381375944
小碧潭,2026-01-25,3079,2950.9270407548984
小碧潭,2026-01-26,2967,3170.7262139348068
小碧潭,2026-01-27,3182,3251.6338320418745
小碧潭,2026-01-28,3101,3286.3910367046296
小碧潭,2026-01-29,3132,3294.8643774488114
小碧潭,2026-01-30,3271,3459.117455301188
小碧潭,2026-01-31,3049,3165.219508213921
小碧潭,2026-02-01,3091,3021.9945319999765
小碧潭,2026-02-02,3101,3151.82186755666
小碧潭,2026-02-03,3105,3277.337119676279
小碧潭,2026-02-04,3090,3240.311624840831
小碧潭,2026-02-05,3285,3274.5847872639742
小碧潭,2026-02-06,3389,3506.1452985624064
小碧潭,2026-02-07,3030,3209.2932734973137
小碧潭,2026-02-08,2980,3014.419339827578
小碧潭,2026-02-09,2919,3113.331770068822
小碧潭,2026-02-10,3025,3193.75249246714
小碧潭,2026-02-11,3033,3206.5286070368
小碧潭,2026-02-12,3124,3262.3695503296613
小碧潭,2026-02-13,3089,3441.776936477423
小碧潭,2026-02-14,2502,3083.991771637063
小碧潭,2026-02-15,2232,2808.810146281437
小碧潭,2026-02-16,1519,2154.699553950734
小碧潭,2026-02-17,2362,2251.402591725059
小碧潭,2026-02-18,2548,2548.7744586128447
小碧潭,2026-02-19,2939,2653.949493050829
小碧潭,2026-02-20,2767,3460.601201170341
小碧潭,2026-02-21,3065,2949.75873128166
小碧潭,2026-02-22,2859,2975.0280249561524
小碧潭,2026-02-23,3079,2992.530224047781
小碧潭,2026-02-24,3233,3268.727180723482
小碧潭,2026-02-25,3350,3281.543191722554
小碧潭,2026-02-26,3300,3402.2328587495344
小碧潭,2026-02-27,3270,3286.726316462324
小碧潭,2026-02-28,3137,3190.4032592617427
小碧潭,2026-03-01,2686,3006.2296104361008
小碧潭,2026-03-02,3142,2962.552430598099
小碧潭,2026-03-03,3222,3288.7584911919207
小碧潭,2026-03-04,3260,3283.086891926948
小碧潭,2026-03-05,3303,3344.589199906906
小碧潭,2026-03-06,3518,3453.2495440461184
小碧潭,2026-03-07,3126,3225.695977079971
小碧潭,2026-03-08,3065,2973.591558613144
小碧潭,2026-03-09,3209,3125.8784487944504
小碧潭,2026-03-10,3422,3301.1456512990976
小碧潭,2026-03-11,3295,3354.3344102135507
小碧潭,2026-03-12,3412,3353.68515111494
小碧潭,2026-03-13,3633,3504.0292006966906
小碧潭,2026-03-14,3312,3260.140379431538
小碧潭,2026-03-15,3385,3067.6342422650696
小碧潭,2026-03-16,3164,3246.393902288012
小碧潭,2026-03-17,3333,3292.302679007182
小碧潭,2026-03-18,3360,3315.9986606769667
小碧潭,2026-03-19,3367,3388.7964608716325
小碧潭,2026-03-20,3486,3495.29485243116
小碧潭,2026-03-21,3190,3214.0204597132247
小碧潭,2026-03-22,3194,3052.174356732155
小碧潭,2026-03-23,3145,3162.1319585587767
小碧潭,2026-03-24,3211,3287.721833790636
小碧潭,2026-03-25,3323,3276.0133609854315
小碧潭,2026-03-26,3320,3372.3087070888428
小碧潭,2026-03-27,3622,3470.7451604769567
小碧潭,2026-03-28,3005,3263.262792105641
小碧潭,2026-03-29,3070,2977.094090531768
小碧潭,2026-03-30,3178,3119.9582344631094
小碧潭,2026-03-31,3243,3293.09356923364
小碧潭,2026-04-01,3266,3290.490267255044
小碧潭,2026-04-02,3525,3345.0810740388747
小碧潭,2026-04-03,2925,3434.3554669654286
小碧潭,2026-04-04,2866,3014.386197109235
小碧潭,2026-04-05,3226,2937.852634207692
小碧潭,2026-04-06,2703,3056.968501730892
小碧潭,2026-04-07,3170,3154.9535430958845
小碧潭,2026-04-08,3139,3265.054395684329
小碧潭,2026-04-09,3349,3317.589709974017
小碧潭,2026-04-10,3421,3442.89700679501
小碧潭,2026-04-11,3016,3155.883822964882
小碧潭,2026-04-12,3082,3012.650042858248
小碧潭,2026-04-13,3053,3092.482761895076
小碧潭,2026-04-14,3214,3246.5913067510423
小碧潭,2026-04-15,3236,3265.4549190556813
小碧潭,2026-04-16,3307,3349.7046620176843
小碧潭,2026-04-17,3343,3445.11707940474
小碧潭,2026-04-18,3230,3119.777104177682
小碧潭,2026-04-19,2881,3091.0927355019994
小碧潭,2026-04-20,3043,3021.645855111666
小碧潭,2026-04-21,3106,3243.4723001113143
小碧潭,2026-04-22,3258,3226.266092793825
小碧潭,2026-04-23,3209,3354.4284305256506
小碧潭,2026-04-24,3551,3398.240938854006
小碧潭,2026-04-25,3200,3220.6359070799112
小碧潭,2026-04-26,3173,3049.6625978652555
小碧潭,2026-04-27,3142,3140.7313724214764
小碧潭,2026-04-28,3144,3263.037450993432
小碧潭,2026-04-29,3349,3244.0829081255124
小碧潭,2026-04-30,3612,3376.1432913151457
小碧潭,2026-05-01,3374,3440.326165557133
小碧潭,2026-05-02,3030,3188.035725287277
小碧潭,2026-05-03,2922,3006.957820307345
小碧潭,2026-05-04,3194,3046.1514013432225
小碧潭,2026-05-05,3375,3282.73518281023
小碧潭,2026-05-06,3303,3341.6544623422783
小碧潭,2026-05-07,3378,3383.9728884220726
小碧潭,2026-05-08,3705,3470.0278585740816
小碧潭,2026-05-09,3170,3254.717112446955
小碧潭,2026-05-10,3020,3042.989107993554
小碧潭,2026-05-11,3207,3096.3237932990446
小碧潭,2026-05-12,3126,3300.904823462057
小碧潭,2026-05-13,3218,3236.016151447257
小碧潭,2026-05-14,3371,3345.3846767167424
小碧潭,2026-05-15,3619,3495.36387917107
小碧潭,2026-05-16,3239,3220.014171895918
小碧潭,2026-05-17,3244,3072.9236070509205
小碧潭,2026-05-18,3008,3186.2114929891823
小碧潭,2026-05-19,3075,3197.1957209702127
小碧潭,2026-05-20,3172,3220.4845898462977
小碧潭,2026-05-21,3232,3330.7147475857705
小碧潭,2026-05-22,3658,3444.319961640868
小碧潭,2026-05-23,3212,3244.271646688866
小碧潭,2026-05-24,3171,3080.005614286734
小碧潭,2026-05-25,3090,3135.051954397528
小碧潭,2026-05-26,3180,3225.955296073133
小碧潭,2026-05-27,3297,3255.373851567554
小碧潭,2026-05-28,3305,3365.89379304924
小碧潭,2026-05-29,3777,3485.593642179705
小碧潭,2026-05-30,3285,3285.1236587832745
小碧潭,2026-05-31,3142,3107.3625393329835
市政府,2026-01-01,69941,66810.97380020976
市政府,2026-01-02,65765,79414.57327327576
市政府,2026-01-03,54180,66373.0405466154
市政府,2026-01-04,46041,49972.51719240089
市政府,2026-01-05,59794,58804.64621017504
市政府,2026-01-06,61584,64838.34885708503
市政府,2026-01-07,62587,70863.39093624889
市政府,2026-01-08,62728,71883.22888800893
市政府,2026-01-09,69710,64866.28264062053
市政府,2026-01-10,62224,63438.929417829095
市政府,2026-01-11,48561,52485.08298327693
市政府,2026-01-12,60080,60456.970878353895
市政府,2026-01-13,60405,63764.47517738237
市政府,2026-01-14,61970,67128.44775304338
市政府,2026-01-15,61710,68105.34426992536
市政府,2026-01-16,69745,66401.60372452182
市政府,2026-01-17,58731,63194.87752938172
市政府,2026-01-18,51778,49422.80975441526
市政府,2026-01-19,61153,61766.554484717206
市政府,2026-01-20,64833,63149.8645003655
市政府,2026-01-21,62425,67500.16585172707
市政府,2026-01-22,63395,66198.35056248863
市政府,2026-01-23,70546,68387.42784895531
市政府,2026-01-24,59886,61984.33263057331
市政府,2026-01-25,54074,50937.89639773267
市政府,2026-01-26,61141,62670.19067972571
市政府,2026-01-27,62071,63876.843338634215
市政府,2026-01-28,62002,64386.492475403495
市政府,2026-01-29,65468,65011.11680186031
市政府,2026-01-30,71371,70111.60546985267
市政府,2026-01-31,64226,61720.86461448871
市政府,2026-02-01,51169,54162.83340609563
市政府,2026-02-02,59995,60812.35755744547
市政府,2026-02-03,63134,62573.37612223228
市政府,2026-02-04,64252,64073.89829823286
市政府,2026-02-05,67979,66331.28177950854
市政府,2026-02-06,73644,71791.99792222114
市政府,2026-02-07,60867,63832.72938055205
市政府,2026-02-08,51695,51436.75765994943
市政府,2026-02-09,62215,60719.55351541179
市政府,2026-02-10,63858,63883.73297402627
市政府,2026-02-11,64832,64576.99547543353
市政府,2026-02-12,67711,67231.5972805561
市政府,2026-02-13,67661,72341.20640917793
市政府,2026-02-14,51966,59817.32068038897
市政府,2026-02-15,39769,47190.70407037947
市政府,2026-02-16,24117,31138.035527813103
市政府,2026-02-17,42760,32723.670316604184
市政府,2026-02-18,41761,41633.28076437327
市政府,2026-02-19,48981,43752.28421279552
市政府,2026-02-20,50405,60964.01360509992
市政府,2026-02-21,50358,54682.76111513288
市政府,2026-02-22,42420,43563.268606652426
市政府,2026-02-23,55833,53983.1432291376
市政府,2026-02-24,58367,64327.94599082961
市政府,2026-02-25,60669,61938.59867459178
市政府,2026-02-26,65775,67196.57568241074
市政府,2026-02-27,56063,53434.35989452343
市政府,2026-02-28,54667,55764.40690818335
市政府,2026-03-01,43061,45442.4257235898
市政府,2026-03-02,56767,55191.316350688
市政府,2026-03-03,57284,62408.94020794003
市政府,2026-03-04,60335,60966.239115624
市政府,2026-03-05,62059,66397.38851924852
市政府,2026-03-06,70191,65081.045269296126
市政府,2026-03-07,63963,56243.88391140384
市政府,2026-03-08,49238,49072.55715890877
市政府,2026-03-09,59663,58904.26786785182
市政府,2026-03-10,59930,62129.767235753
市政府,2026-03-11,63823,62088.3895145809
市政府,2026-03-12,65191,66539.06235171863
市政府,2026-03-13,72182,68514.31605604132
市政府,2026-03-14,63561,60152.88867325063
市政府,2026-03-15,52291,49027.24672077779
市政府,2026-03-16,59131,60615.05354078922
市政府,2026-03-17,59747,61212.14047588231
市政府,2026-03-18,61733,62647.5437864079
市政府,2026-03-19,62298,65107.57449531951
市政府,2026-03-20,75148,68356.58716974806
市政府,2026-03-21,66040,62645.65051144252
市政府,2026-03-22,55912,51484.41519484589
市政府,2026-03-23,60197,61840.47931757588
市政府,2026-03-24,59149,61297.4096642791
市政府,2026-03-25,61929,62017.76744538871
市政府,2026-03-26,63157,64172.4335444885
市政府,2026-03-27,69583,71227.4881382238
市政府,2026-03-28,59612,61194.313740046266
市政府,2026-03-29,48654,49875.341647092566
市政府,2026-03-30,59077,57637.26392625799
市政府,2026-03-31,59173,59831.60116366246
市政府,2026-04-01,60818,61980.8976223656
市政府,2026-04-02,65889,63310.95626747138
市政府,2026-04-03,52446,59508.10994622467
市政府,2026-04-04,49826,58273.958625915264
市政府,2026-04-05,49102,44555.03475038285
市政府,2026-04-06,44330,45929.12468876936
市政府,2026-04-07,58816,58441.09723045728
市政府,2026-04-08,58991,61328.48731305438
市政府,2026-04-09,64369,63401.11349849215
市政府,2026-04-10,71494,68421.9446899699
市政府,2026-04-11,63913,58375.71994449336
市政府,2026-04-12,51880,53153.67469349264
市政府,2026-04-13,59249,59220.98415999311
市政府,2026-04-14,58420,59929.904299232
市政府,2026-04-15,59836,60349.33043146099
市政府,2026-04-16,61788,64116.04682878065
市政府,2026-04-17,67735,68463.98365009463
市政府,2026-04-18,56936,58721.28058855277
市政府,2026-04-19,48378,49178.57640833296
市政府,2026-04-20,57511,57430.223189533455
市政府,2026-04-21,58065,58450.667532650274
市政府,2026-04-22,59425,59989.39550716057
市政府,2026-04-23,60969,63028.058565342624
市政府,2026-04-24,67389,67742.60326352406
市政府,2026-04-25,61533,57784.5039676308
市政府,2026-04-26,55390,51096.55807986545
市政府,2026-04-27,58268,60917.13509040897
市政府,2026-04-28,59489,58846.71253845375
市政府,2026-04-29,61649,60494.73285124212
市政府,2026-04-30,67542,63399.8939045981
市政府,2026-05-01,56785,58543.58819615418
市政府,2026-05-02,55893,60145.33845543119
市政府,2026-05-03,46770,50042.04575098676
市政府,2026-05-04,59758,55684.71506155633
市政府,2026-05-05,60311,59621.42952106839
市政府,2026-05-06,61595,61350.14270361585
市政府,2026-05-07,62139,64965.89711546018
市政府,2026-05-08,67890,67584.39267835928
市政府,2026-05-09,57799,57828.8498070603
市政府,2026-05-10,49982,49638.66803696338
市政府,2026-05-11,58013,58819.9794533617
市政府,2026-05-12,58441,59098.960539062005
市政府,2026-05-13,60788,60491.757786632304
市政府,2026-05-14,59456,63419.425635668624
市政府,2026-05-15,72135,66423.44697338933
市政府,2026-05-16,58610,59866.64698518934
市政府,2026-05-17,55001,50295.04134883775
市政府,2026-05-18,58911,60878.39613303857
市政府,2026-05-19,59016,59378.85103566259
市政府,2026-05-20,60594,60895.97369307112
市政府,2026-05-21,60068,61914.855588408056
市政府,2026-05-22,69016,68828.82621195252
市政府,2026-05-23,62416,57920.306913077286
市政府,2026-05-24,51554,53796.99359074669
市政府,2026-05-25,58476,58584.60494709452
市政府,2026-05-26,59275,58977.92281942538
市政府,2026-05-27,60347,60890.755658467126
市政府,2026-05-28,60507,61184.94311531927
市政府,2026-05-29,68383,69005.92208277654
市政府,2026-05-30,60629,59316.06617951606
市政府,2026-05-31,52206,52014.45244229445
幸福,2026-01-01,1271,1468.2938058827826
幸福,2026-01-02,2388,2379.3595023045687
幸福,2026-01-03,1655,1696.9308948927546
幸福,2026-01-04,1293,1284.956496149859
幸福,2026-01-05,2278,2198.043501664195
幸福,2026-01-06,2345,2353.423465624627
幸福,2026-01-07,2397,2320.038350576696
幸福,2026-01-08,2341,2323.665251245741
幸福,2026-01-09,2504,2447.987941287304
幸福,2026-01-10,1688,1777.8762848363465
幸福,2026-01-11,1397,1345.4046104690146
幸福,2026-01-12,2188,2288.450808489291
幸福,2026-01-13,2308,2350.409561768321
幸福,2026-01-14,2353,2313.215975662496
幸福,2026-01-15,2356,2296.2580602262965
幸福,2026-01-16,2534,2448.654295342729
幸福,2026-01-17,1848,1773.8438828552305
幸福,2026-01-18,1526,1432.2951815757135
幸福,2026-01-19,2252,2372.671861052927
幸福,2026-01-20,2502,2423.5598203384898
幸福,2026-01-21,2326,2449.368575723652
幸福,2026-01-22,2335,2358.4009225088807
幸福,2026-01-23,2465,2478.8505794798884
幸福,2026-01-24,1887,1761.6227224175927
幸福,2026-01-25,1589,1453.0705106878045
幸福,2026-01-26,2294,2386.179117048445
幸福,2026-01-27,2200,2471.1688681760293
幸福,2026-01-28,2249,2308.88058733963
幸福,2026-01-29,2374,2258.070890407312
幸福,2026-01-30,2487,2446.167300068488
幸福,2026-01-31,1837,1775.7194590073236
幸福,2026-02-01,1477,1448.3641531928674
幸福,2026-02-02,2179,2306.931701487442
幸福,2026-02-03,2370,2343.95613960168
幸福,2026-02-04,2320,2334.743367804391
幸福,2026-02-05,2372,2326.446213117309
幸福,2026-02-06,2545,2476.9873243457
幸福,2026-02-07,1807,1824.657743089413
幸福,2026-02-08,1443,1458.9942481925043
幸福,2026-02-09,2291,2274.303964530395
幸福,2026-02-10,2373,2392.5996310366213
幸福,2026-02-11,2372,2356.5640380926848
幸福,2026-02-12,2358,2369.995222955432
幸福,2026-02-13,2326,2499.321044470164
幸福,2026-02-14,1453,1726.7855198444472
幸福,2026-02-15,1117,1244.9063362977458
幸福,2026-02-16,835,1038.247141208296
幸福,2026-02-17,1372,1059.416391890374
幸福,2026-02-18,1203,1192.704800630208
幸福,2026-02-19,1379,1207.0524011197067
幸福,2026-02-20,1399,1478.8714804957804
幸福,2026-02-21,1619,1628.797773328209
幸福,2026-02-22,1300,1273.8173219841
幸福,2026-02-23,2292,2097.087492823938
幸福,2026-02-24,2340,2363.3189253087
幸福,2026-02-25,2558,2307.848830107293
幸福,2026-02-26,2527,2454.095254660684
幸福,2026-02-27,1905,1664.2416212965295
幸福,2026-02-28,1747,1960.33483168202
幸福,2026-03-01,1322,1504.827364132335
幸福,2026-03-02,2317,2251.15598693786
幸福,2026-03-03,2440,2434.942038917892
幸福,2026-03-04,2430,2429.9662190212803
幸福,2026-03-05,2500,2448.718498914196
幸福,2026-03-06,2655,2583.977162910611
幸福,2026-03-07,2058,1845.7365145837368
幸福,2026-03-08,1608,1579.4179915978011
幸福,2026-03-09,2333,2445.688689267696
幸福,2026-03-10,2658,2535.707341550933
幸福,2026-03-11,2566,2581.833884416713
幸福,2026-03-12,2440,2595.836677807668
幸福,2026-03-13,2634,2637.819607915826
幸福,2026-03-14,2305,1889.3501536606543
幸福,2026-03-15,1735,1703.380551389208
幸福,2026-03-16,2371,2547.7769811580697
幸福,2026-03-17,2459,2632.109034353119
幸福,2026-03-18,2525,2526.4935983373616
幸福,2026-03-19,2468,2526.448445939593
幸福,2026-03-20,2616,2627.385897567964
幸福,2026-03-21,2253,1940.303694694373
幸福,2026-03-22,1721,1677.5249277965831
幸福,2026-03-23,2405,2498.376742746403
幸福,2026-03-24,2517,2610.5175939434985
幸福,2026-03-25,2500,2555.382655538812
幸福,2026-03-26,2466,2520.202025080226
幸福,2026-03-27,2609,2626.2807343491563
幸福,2026-03-28,1950,1986.460663332342
幸福,2026-03-29,1455,1542.708927949402
幸福,2026-03-30,2303,2289.271370699819
幸福,2026-03-31,2329,2450.6570559233915
幸福,2026-04-01,2395,2386.874890506213
幸福,2026-04-02,2332,2382.5739575597045
幸福,2026-04-03,1641,1592.5098509726945
幸福,2026-04-04,1422,1888.1237446173664
幸福,2026-04-05,1427,1238.0901699968897
幸福,2026-04-06,1222,1227.38610598557
幸福,2026-04-07,2341,2269.484724301591
幸福,2026-04-08,2429,2311.7792141524246
幸福,2026-04-09,2446,2352.007131323028
幸福,2026-04-10,2509,2545.2587424159183
幸福,2026-04-11,1826,1820.6387958923888
幸福,2026-04-12,1405,1455.7288526117495
幸福,2026-04-13,2280,2215.642331476832
幸福,2026-04-14,2382,2394.132640678788
幸福,2026-04-15,2381,2406.172264038128
幸福,2026-04-16,2374,2382.583546546552
幸福,2026-04-17,2522,2514.7365547453046
幸福,2026-04-18,1813,1813.611193682259
幸福,2026-04-19,1440,1439.0924608630376
幸福,2026-04-20,2287,2236.975635839312
幸福,2026-04-21,2415,2401.476680320141
幸福,2026-04-22,2468,2422.4191272311896
幸福,2026-04-23,2365,2431.7171945998484
幸福,2026-04-24,2708,2536.88568460323
幸福,2026-04-25,1844,1910.1847921355263
幸福,2026-04-26,1610,1502.1216782755578
幸福,2026-04-27,2398,2355.1766969502974
幸福,2026-04-28,2437,2510.4405291499247
幸福,2026-04-29,2496,2493.38342287892
幸福,2026-04-30,2708,2466.6659875214223
幸福,2026-05-01,1753,1840.4725820330823
幸福,2026-05-02,1816,1967.848746947516
幸福,2026-05-03,1345,1539.8957617204233
幸福,2026-05-04,2477,2250.0348107017708
幸福,2026-05-05,2646,2479.392352418711
幸福,2026-05-06,2488,2580.561028413979
幸福,2026-05-07,2485,2543.475092483688
幸福,2026-05-08,2576,2648.5786611052145
幸福,2026-05-09,1884,1865.0901942848827
幸福,2026-05-10,1401,1501.775409881655
幸福,2026-05-11,2330,2306.580297467301
幸福,2026-05-12,2437,2447.6776442722908
幸福,2026-05-13,2348,2440.9688219408145
幸福,2026-05-14,2585,2407.229538744615
幸福,2026-05-15,2558,2619.013070592068
幸福,2026-05-16,1903,1850.102030881353
幸福,2026-05-17,1547,1485.7748692400692
幸福,2026-05-18,2318,2378.2642598974785
幸福,2026-05-19,2340,2474.931786575596
幸福,2026-05-20,2474,2395.945203742637
幸福,2026-05-21,2377,2477.235981212704
幸福,2026-05-22,2428,2534.8912251799607
幸福,2026-05-23,1968,1760.590469036665
幸福,2026-05-24,1546,1475.7519344025773
幸福,2026-05-25,2288,2358.966036807678
幸福,2026-05-26,2328,2435.234473594556
幸福,2026-05-27,2341,2392.5742997786488
幸福,2026-05-28,2426,2393.217521550204
幸福,2026-05-29,2673,2506.1739149886
幸福,2026-05-30,1923,1899.7117237734503
幸福,2026-05-31,1475,1519.8696713016277
府中,2026-01-01,22627,24142.18947596165
府中,2026-01-02,31276,33407.95479852249
府中,2026-01-03,28627,31505.115105602254
府中,2026-01-04,23449,24874.11405393801
府中,2026-01-05,29667,28846.76307494384
府中,2026-01-06,30264,31121.400008335757
府中,2026-01-07,30481,31500.29054332185
府中,2026-01-08,30758,31165.137894658743
府中,2026-01-09,33260,32820.25653933351
府中,2026-01-10,30771,31515.335936353295
府中,2026-01-11,25142,25472.46411820714
府中,2026-01-12,29069,29915.689013621173
府中,2026-01-13,30397,30756.512654560724
府中,2026-01-14,30692,31254.416999425583
府中,2026-01-15,30766,31147.33044773795
府中,2026-01-16,33234,32968.92314306705
府中,2026-01-17,29973,31307.1766544749
府中,2026-01-18,24715,25056.18370207435
府中,2026-01-19,30185,29450.09361118579
府中,2026-01-20,31247,31081.81073106477
府中,2026-01-21,30237,31510.16479107644
府中,2026-01-22,29862,30915.76035149535
府中,2026-01-23,33013,32653.49054292576
府中,2026-01-24,30344,30784.82415498026
府中,2026-01-25,25649,25090.939512485947
府中,2026-01-26,30307,30062.39641079709
府中,2026-01-27,30670,31239.33577999268
府中,2026-01-28,30963,30932.551212522358
府中,2026-01-29,32090,30884.126563784102
府中,2026-01-30,33912,33705.726042485825
府中,2026-01-31,30122,31174.412402698097
府中,2026-02-01,23597,25234.46004857636
府中,2026-02-02,29396,29286.3395631184
府中,2026-02-03,31787,30579.85440418525
府中,2026-02-04,32115,31329.146194903984
府中,2026-02-05,32559,31757.1059646758
府中,2026-02-06,34625,34033.22470663914
府中,2026-02-07,33008,31210.86135270233
府中,2026-02-08,27815,26001.100202188078
府中,2026-02-09,30775,31226.40587056879
府中,2026-02-10,33003,31770.972929364245
府中,2026-02-11,32539,32174.84668519717
府中,2026-02-12,32805,32245.56502142152
府中,2026-02-13,32605,34339.87909078259
府中,2026-02-14,24681,30915.81067563933
府中,2026-02-15,19009,22989.64190641353
府中,2026-02-16,11377,13882.781401922944
府中,2026-02-17,22941,15831.111984167985
府中,2026-02-18,20415,19952.749036633515
府中,2026-02-19,22753,19822.073593217418
府中,2026-02-20,23866,27232.011802138124
府中,2026-02-21,25963,29014.139164162367
府中,2026-02-22,21726,22363.982086910764
府中,2026-02-23,29311,27450.05717302221
府中,2026-02-24,30499,33082.319895126835
府中,2026-02-25,31636,31225.02404291793
府中,2026-02-26,33028,32681.786164150733
府中,2026-02-27,28134,24980.237404221505
府中,2026-02-28,28206,29728.091457330203
府中,2026-03-01,23253,23346.91218096812
府中,2026-03-02,29772,28780.37503508608
府中,2026-03-03,30046,32634.41830946293
府中,2026-03-04,30377,31199.505977277757
府中,2026-03-05,31569,32232.879491661926
府中,2026-03-06,33690,33139.27986127615
府中,2026-03-07,31374,28235.04565354236
府中,2026-03-08,25395,24460.604430591706
府中,2026-03-09,29408,30099.9445302435
府中,2026-03-10,30392,31918.51299512837
府中,2026-03-11,32151,31108.33564501152
府中,2026-03-12,31728,32791.70804951281
府中,2026-03-13,34287,33459.80878104978
府中,2026-03-14,32496,29397.663809889476
府中,2026-03-15,25986,25224.48101700975
府中,2026-03-16,29652,30217.13278874903
府中,2026-03-17,30917,31643.38234558209
府中,2026-03-18,31814,31642.51019708637
府中,2026-03-19,31402,32390.745781212325
府中,2026-03-20,34252,33542.68412202594
府中,2026-03-21,32018,30225.305556775387
府中,2026-03-22,26114,25235.12639644947
府中,2026-03-23,29773,30082.50418472389
府中,2026-03-24,31294,31496.55435203261
府中,2026-03-25,31677,31849.50886898679
府中,2026-03-26,31384,32083.222773135
府中,2026-03-27,33831,33727.97207835785
府中,2026-03-28,29590,30546.4475511062
府中,2026-03-29,23698,24460.540792039057
府中,2026-03-30,29204,28856.352306501416
府中,2026-03-31,30340,31039.63515385573
府中,2026-04-01,29994,31349.79385294126
府中,2026-04-02,31919,31133.217411749512
府中,2026-04-03,24640,25928.027221694323
府中,2026-04-04,22699,29770.793656873928
府中,2026-04-05,22516,21346.11994882249
府中,2026-04-06,20684,20108.43322050104
府中,2026-04-07,29306,30466.926101675555
府中,2026-04-08,31069,30488.26331119997
府中,2026-04-09,31205,31726.73962788597
府中,2026-04-10,33635,33259.651711186074
府中,2026-04-11,31194,28176.194903032072
府中,2026-04-12,25655,25217.196770967963
府中,2026-04-13,29180,30013.664923299148
府中,2026-04-14,30237,30640.57642453414
府中,2026-04-15,30520,31112.393543990896
府中,2026-04-16,30284,31419.370078371463
府中,2026-04-17,33055,32969.732327908634
府中,2026-04-18,30252,28756.620138287715
府中,2026-04-19,25606,24906.91635385
府中,2026-04-20,29168,29692.305253904306
府中,2026-04-21,30546,30513.34249822305
府中,2026-04-22,30985,31067.00452720135
府中,2026-04-23,30320,31309.33145796812
府中,2026-04-24,32445,33038.24403233618
府中,2026-04-25,30394,28925.43986591225
府中,2026-04-26,26939,25124.887400985783
府中,2026-04-27,29793,30096.2906133912
府中,2026-04-28,31033,30861.44624633504
府中,2026-04-29,31539,31295.4294618147
府中,2026-04-30,32869,31297.80894058313
府中,2026-05-01,28334,26019.946372386203
府中,2026-05-02,29210,31060.885891383736
府中,2026-05-03,24218,25406.10789767367
府中,2026-05-04,29844,28864.30967113976
府中,2026-05-05,30356,30760.275635113027
府中,2026-05-06,31871,31065.10517139532
府中,2026-05-07,31670,31836.61827388957
府中,2026-05-08,33502,34131.63595252465
府中,2026-05-09,31929,29329.615222602133
府中,2026-05-10,23874,25998.95640826775
府中,2026-05-11,29326,29139.973590773738
府中,2026-05-12,30429,30433.04702418273
府中,2026-05-13,29900,31290.23433646272
府中,2026-05-14,30194,30976.660704518905
府中,2026-05-15,33715,33221.39271514589
府中,2026-05-16,31502,30050.05526216916
府中,2026-05-17,27045,25225.07277285567
府中,2026-05-18,29532,30461.18208641703
府中,2026-05-19,30261,30706.48090734851
府中,2026-05-20,31224,30866.45847992219
府中,2026-05-21,30969,31294.143934495587
府中,2026-05-22,32986,33760.19736149505
府中,2026-05-23,31821,30211.425477623052
府中,2026-05-24,26077,25841.70765140085
府中,2026-05-25,29480,29815.779302156938
府中,2026-05-26,30589,30502.649083729186
府中,2026-05-27,30819,31095.07764982184
府中,2026-05-28,30670,31057.444319934868
府中,2026-05-29,32280,33395.44487626951
府中,2026-05-30,30808,30350.341285185048
府中,2026-05-31,24453,25440.865647630588
後山埤,2026-01-01,12641,12699.8655182261
後山埤,2026-01-02,17607,18783.816160706607
後山埤,2026-01-03,14349,14975.555305192534
後山埤,2026-01-04,12044,12451.881877747544
後山埤,2026-01-05,17331,16673.518582079872
後山埤,2026-01-06,17428,17533.109417731404
後山埤,2026-01-07,17715,17698.57165910631
後山埤,2026-01-08,17592,17718.079668397462
後山埤,2026-01-09,19063,18600.266238251443
後山埤,2026-01-10,15618,15431.575419708814
後山埤,2026-01-11,12521,12926.53005573718
後山埤,2026-01-12,17053,16968.24815285061
後山埤,2026-01-13,17383,17403.274379905757
後山埤,2026-01-14,17702,17697.91630629731
後山埤,2026-01-15,17570,17694.042002527665
後山埤,2026-01-16,19278,18712.59378824108
後山埤,2026-01-17,15538,15564.042686188564
後山埤,2026-01-18,12566,12863.363291585125
後山埤,2026-01-19,17067,16965.43771975106
後山埤,2026-01-20,18214,17409.236430582303
後山埤,2026-01-21,17687,17998.05399429196
後山埤,2026-01-22,17389,17709.830642155233
後山埤,2026-01-23,19242,18719.70369075349
後山埤,2026-01-24,15391,15533.581838018104
後山埤,2026-01-25,12977,12781.199685461092
後山埤,2026-01-26,17181,17117.00636562077
後山埤,2026-01-27,17399,17589.462008060247
後山埤,2026-01-28,17602,17664.711971573724
後山埤,2026-01-29,18160,17603.152356182665
後山埤,2026-01-30,18989,19043.693683156715
後山埤,2026-01-31,15827,15453.009883883637
後山埤,2026-02-01,12231,12973.983337404534
後山埤,2026-02-02,17176,16871.590001869885
後山埤,2026-02-03,17549,17495.957084202815
後山埤,2026-02-04,17989,17718.632155800504
後山埤,2026-02-05,18078,17846.154176683653
後山埤,2026-02-06,19425,18999.405614309144
後山埤,2026-02-07,15839,15670.848095119743
後山埤,2026-02-08,12761,12875.953500509248
後山埤,2026-02-09,17542,17107.68446921993
後山埤,2026-02-10,18319,17664.029708866812
後山埤,2026-02-11,18028,18057.14037285654
後山埤,2026-02-12,18527,17906.46696975899
後山埤,2026-02-13,18517,19231.83921531823
後山埤,2026-02-14,13393,15374.088146850732
後山埤,2026-02-15,10866,11975.816774266754
後山埤,2026-02-16,7722,8431.79607426057
後山埤,2026-02-17,10934,9053.8245563438
後山埤,2026-02-18,10953,10210.64769577955
後山埤,2026-02-19,11443,10371.324744429694
後山埤,2026-02-20,11978,14417.13223834112
後山埤,2026-02-21,12953,14565.493954485964
後山埤,2026-02-22,11328,11598.191000657698
後山埤,2026-02-23,16507,16389.042638979237
後山埤,2026-02-24,17356,17572.67164943079
後山埤,2026-02-25,19364,17757.43167811386
後山埤,2026-02-26,18824,18559.23872763686
後山埤,2026-02-27,14236,13887.466320371255
後山埤,2026-02-28,14036,15193.1319188471
後山埤,2026-03-01,11824,12084.304093186736
後山埤,2026-03-02,17039,16669.428608266804
後山埤,2026-03-03,17619,17677.091441481985
後山埤,2026-03-04,17676,18089.32362504769
後山埤,2026-03-05,18806,17960.549048839126
後山埤,2026-03-06,18916,19004.10937139209
後山埤,2026-03-07,16169,14954.01588041676
後山埤,2026-03-08,12293,12808.776192193503
後山埤,2026-03-09,17104,16976.929880357504
後山埤,2026-03-10,17551,17726.188385669502
後山埤,2026-03-11,18119,17938.99530170025
後山埤,2026-03-12,18309,18232.19715786539
後山埤,2026-03-13,19289,18820.900783947243
後山埤,2026-03-14,16048,15306.05742764239
後山埤,2026-03-15,13190,12712.119601049935
後山埤,2026-03-16,16974,17299.027853570453
後山埤,2026-03-17,17642,17692.434301469995
後山埤,2026-03-18,18039,18011.80901732829
後山埤,2026-03-19,17925,18182.416264574123
後山埤,2026-03-20,19659,18754.34153471693
後山埤,2026-03-21,16476,15486.495140825562
後山埤,2026-03-22,12696,12974.053860312168
後山埤,2026-03-23,16983,17085.52139787344
後山埤,2026-03-24,17679,17677.296018370474
後山埤,2026-03-25,18154,18020.584486920397
後山埤,2026-03-26,17990,18180.96556263474
後山埤,2026-03-27,19241,18900.174544550497
後山埤,2026-03-28,15719,15455.972961716005
後山埤,2026-03-29,12669,12624.086634688698
後山埤,2026-03-30,17229,17040.355846647788
後山埤,2026-03-31,17575,17763.41813966016
後山埤,2026-04-01,17567,18011.603225092727
後山埤,2026-04-02,18700,17948.652924650924
後山埤,2026-04-03,12728,14108.666999433386
後山埤,2026-04-04,11628,14948.052633972316
後山埤,2026-04-05,11346,11114.537108548291
後山埤,2026-04-06,10929,11388.345298579015
後山埤,2026-04-07,16986,17205.2402172819
後山埤,2026-04-08,17678,17665.859531926682
後山埤,2026-04-09,17941,18079.53732540877
後山埤,2026-04-10,19172,18645.72188350288
後山埤,2026-04-11,15859,14906.249031620097
後山埤,2026-04-12,12710,12722.272811171806
後山埤,2026-04-13,16864,17016.72524666294
後山埤,2026-04-14,17314,17580.881643608805
後山埤,2026-04-15,17525,17850.2301810034
後山埤,2026-04-16,17573,17991.262252054647
後山埤,2026-04-17,18461,18646.66373262769
後山埤,2026-04-18,15173,14919.092099472404
後山埤,2026-04-19,12575,12432.975885523316
後山埤,2026-04-20,16956,16932.046268597467
後山埤,2026-04-21,17401,17573.80158225942
後山埤,2026-04-22,17679,17835.305021606975
後山埤,2026-04-23,17318,17991.354313681997
後山埤,2026-04-24,18916,18514.442151670828
後山埤,2026-04-25,15605,15077.916931808775
後山埤,2026-04-26,13884,12627.382919728196
後山埤,2026-04-27,17074,17433.030223397494
後山埤,2026-04-28,17424,17658.272397449968
後山埤,2026-04-29,17677,17845.02745853101
後山埤,2026-04-30,18767,17908.676208493394
後山埤,2026-05-01,14623,14068.38186120724
後山埤,2026-05-02,14248,15471.708777859418
後山埤,2026-05-03,11981,12362.332778233304
後山埤,2026-05-04,17758,16642.759161448255
後山埤,2026-05-05,17880,17791.353698191124
後山埤,2026-05-06,18439,18009.115744008912
後山埤,2026-05-07,18300,18362.75739899731
後山埤,2026-05-08,19247,19036.47661682585
後山埤,2026-05-09,15832,15100.577626326354
後山埤,2026-05-10,12581,12801.166114730466
後山埤,2026-05-11,17061,17105.888810892513
後山埤,2026-05-12,17612,17597.003507099245
後山埤,2026-05-13,17297,17960.34254932098
後山埤,2026-05-14,17354,17894.42400071204
後山埤,2026-05-15,19094,18655.5448239525
後山埤,2026-05-16,15694,15162.166565118829
後山埤,2026-05-17,12859,12720.151200253007
後山埤,2026-05-18,17021,17145.550770660462
後山埤,2026-05-19,17903,17592.395053182267
後山埤,2026-05-20,18763,17946.06715323958
後山埤,2026-05-21,17533,18351.80241959944
後山埤,2026-05-22,18688,18838.35980136359
後山埤,2026-05-23,15965,15083.26916932418
後山埤,2026-05-24,13150,12833.321685010524
後山埤,2026-05-25,17171,17240.229557194332
後山埤,2026-05-26,17603,17705.710722190368
後山埤,2026-05-27,17754,17997.04926148305
後山埤,2026-05-28,17243,17876.67047409687
後山埤,2026-05-29,18804,18649.27917180073
後山埤,2026-05-30,15880,15217.754804533848
後山埤,2026-05-31,12743,12848.297770038467
徐匯中學,2026-01-01,7644,8504.904869191345
徐匯中學,2026-01-02,12609,13122.956294490004
徐匯中學,2026-01-03,9318,10088.5008915918
徐匯中學,2026-01-04,8044,8007.531111954331
徐匯中學,2026-01-05,12307,12054.562554242802
徐匯中學,2026-01-06,12376,12680.690080555049
徐匯中學,2026-01-07,12644,12645.14502464684
徐匯中學,2026-01-08,12604,12571.078267899817
徐匯中學,2026-01-09,13405,13333.237443379232
徐匯中學,2026-01-10,10352,10336.675218267736
徐匯中學,2026-01-11,8465,8427.090887356146
徐匯中學,2026-01-12,12207,12241.273102384755
徐匯中學,2026-01-13,12270,12591.928720540924
徐匯中學,2026-01-14,12441,12610.42481328363
徐匯中學,2026-01-15,12452,12541.921097403656
徐匯中學,2026-01-16,13545,13308.471011593778
徐匯中學,2026-01-17,10546,10434.457822965507
徐匯中學,2026-01-18,8333,8507.445032454585
徐匯中學,2026-01-19,12058,12173.58631038507
徐匯中學,2026-01-20,12921,12507.792749510249
徐匯中學,2026-01-21,12259,12840.141523779672
徐匯中學,2026-01-22,12413,12473.56146460024
徐匯中學,2026-01-23,13595,13317.446039790168
徐匯中學,2026-01-24,11040,10468.736915683856
徐匯中學,2026-01-25,8771,8676.542228702447
徐匯中學,2026-01-26,12142,12339.866230264011
徐匯中學,2026-01-27,12494,12619.184628895042
徐匯中學,2026-01-28,12560,12614.22028698887
徐匯中學,2026-01-29,12731,12580.167541168
徐匯中學,2026-01-30,13328,13467.107289193193
徐匯中學,2026-01-31,11101,10435.525720008123
徐匯中學,2026-02-01,8701,8716.759559025797
徐匯中學,2026-02-02,11837,12295.766842565736
徐匯中學,2026-02-03,12323,12462.001440409796
徐匯中學,2026-02-04,12518,12568.46943199418
徐匯中學,2026-02-05,12726,12582.618367142437
徐匯中學,2026-02-06,13767,13430.623329432188
徐匯中學,2026-02-07,10993,10655.471227190512
徐匯中學,2026-02-08,8818,8676.504040949998
徐匯中學,2026-02-09,12131,12294.60044679274
徐匯中學,2026-02-10,12592,12566.877478071514
徐匯中學,2026-02-11,12604,12677.634507151952
徐匯中學,2026-02-12,12646,12630.856546510866
徐匯中學,2026-02-13,12684,13449.62380979737
徐匯中學,2026-02-14,8878,10235.386658735351
徐匯中學,2026-02-15,7003,7852.079590643374
徐匯中學,2026-02-16,4947,5721.879226351472
徐匯中學,2026-02-17,6605,6183.920424664048
徐匯中學,2026-02-18,7603,6751.653137788257
徐匯中學,2026-02-19,7737,7110.370493051756
徐匯中學,2026-02-20,8389,9443.554192413942
徐匯中學,2026-02-21,8840,10054.46706717479
徐匯中學,2026-02-22,7485,7725.206387012864
徐匯中學,2026-02-23,11886,11656.531856173377
徐匯中學,2026-02-24,12368,12506.540799766628
徐匯中學,2026-02-25,12965,12687.8960790874
徐匯中學,2026-02-26,13263,12835.65134452528
徐匯中學,2026-02-27,10055,9227.352427024522
徐匯中學,2026-02-28,9524,10620.756202669918
徐匯中學,2026-03-01,8104,8039.885399584557
徐匯中學,2026-03-02,12235,11984.025227196013
徐匯中學,2026-03-03,12499,12613.862504584702
徐匯中學,2026-03-04,12838,12732.663812096687
徐匯中學,2026-03-05,12923,12806.525810588308
徐匯中學,2026-03-06,13806,13524.569313256809
徐匯中學,2026-03-07,10935,10351.244369720258
徐匯中學,2026-03-08,8882,8602.392177173757
徐匯中學,2026-03-09,12490,12333.494220957557
徐匯中學,2026-03-10,13184,12721.122864660589
徐匯中學,2026-03-11,12988,12998.834884381124
徐匯中學,2026-03-12,12992,12866.202764733946
徐匯中學,2026-03-13,13821,13547.051285007825
徐匯中學,2026-03-14,10965,10496.682081094648
徐匯中學,2026-03-15,9047,8646.303680675015
徐匯中學,2026-03-16,12350,12402.740809815268
徐匯中學,2026-03-17,13031,12733.749483602907
徐匯中學,2026-03-18,13074,12928.444245469434
徐匯中學,2026-03-19,12879,12903.866882643102
徐匯中學,2026-03-20,13726,13519.85789551752
徐匯中學,2026-03-21,11139,10486.854315882956
徐匯中學,2026-03-22,8824,8745.50441450775
徐匯中學,2026-03-23,12370,12303.082916490062
徐匯中學,2026-03-24,12724,12748.512946590685
徐匯中學,2026-03-25,12727,12827.420477561483
徐匯中學,2026-03-26,12772,12752.565547791104
徐匯中學,2026-03-27,13601,13480.235526418905
徐匯中學,2026-03-28,10259,10488.131464653834
徐匯中學,2026-03-29,8206,8387.25044533874
徐匯中學,2026-03-30,12277,12056.695511975018
徐匯中學,2026-03-31,12543,12678.475293145237
徐匯中學,2026-04-01,12647,12734.182449890774
徐匯中學,2026-04-02,13157,12721.229834341795
徐匯中學,2026-04-03,9201,9362.585691961996
徐匯中學,2026-04-04,8444,10377.370504928913
徐匯中學,2026-04-05,8022,7651.631628205903
徐匯中學,2026-04-06,7519,7706.347955719279
徐匯中學,2026-04-07,12512,12466.333415863235
徐匯中學,2026-04-08,12870,12706.94575336543
徐匯中學,2026-04-09,12739,12859.462656314125
徐匯中學,2026-04-10,13555,13444.660380381549
徐匯中學,2026-04-11,10564,10175.394822940234
徐匯中學,2026-04-12,8815,8532.039121840522
徐匯中學,2026-04-13,12115,12286.9333849855
徐匯中學,2026-04-14,12585,12624.138968784451
徐匯中學,2026-04-15,12659,12767.682963948764
徐匯中學,2026-04-16,12783,12739.848909017965
徐匯中學,2026-04-17,13258,13480.006872441369
徐匯中學,2026-04-18,10509,10217.68016708631
徐匯中學,2026-04-19,8709,8519.750164259336
徐匯中學,2026-04-20,12119,12232.958757329689
徐匯中學,2026-04-21,12717,12616.718477170823
徐匯中學,2026-04-22,12502,12796.74251913792
徐匯中學,2026-04-23,12520,12691.858738041572
徐匯中學,2026-04-24,13535,13341.968528621284
徐匯中學,2026-04-25,10529,10341.233221030094
徐匯中學,2026-04-26,9119,8538.671290440043
徐匯中學,2026-04-27,12303,12389.125724795476
徐匯中學,2026-04-28,12659,12710.448177089063
徐匯中學,2026-04-29,12878,12747.31608789208
徐匯中學,2026-04-30,13368,12813.785078711062
徐匯中學,2026-05-01,9580,9446.641938921372
徐匯中學,2026-05-02,9974,10485.057247418004
徐匯中學,2026-05-03,8303,8389.530415449926
徐匯中學,2026-05-04,12687,12058.296333732484
徐匯中學,2026-05-05,13076,12831.817296385358
徐匯中學,2026-05-06,12969,12948.849598154722
徐匯中學,2026-05-07,12873,12935.15988513324
徐匯中學,2026-05-08,13445,13530.60031251253
徐匯中學,2026-05-09,10295,10244.656153737782
徐匯中學,2026-05-10,8263,8462.169500895205
徐匯中學,2026-05-11,12236,12131.180133976955
徐匯中學,2026-05-12,12427,12688.710371854011
徐匯中學,2026-05-13,12501,12684.314841592131
徐匯中學,2026-05-14,12761,12702.41328909632
徐匯中學,2026-05-15,13570,13458.895179785814
徐匯中學,2026-05-16,10879,10324.771011185316
徐匯中學,2026-05-17,8921,8669.524786324917
徐匯中學,2026-05-18,12070,12376.016963339836
徐匯中學,2026-05-19,12338,12591.481712446774
徐匯中學,2026-05-20,12446,12623.10738456296
徐匯中學,2026-05-21,12427,12687.981798793273
徐匯中學,2026-05-22,13195,13345.953470963725
徐匯中學,2026-05-23,10746,10239.89019224104
徐匯中學,2026-05-24,8863,8652.73693429244
徐匯中學,2026-05-25,12190,12304.777680350137
徐匯中學,2026-05-26,12260,12619.464893520417
徐匯中學,2026-05-27,12473,12583.395204907882
徐匯中學,2026-05-28,12393,12661.76397205692
徐匯中學,2026-05-29,13429,13308.633694812042
徐匯中學,2026-05-30,10811,10361.353428918468
徐匯中學,2026-05-31,8321,8694.919176281655
復興崗,2026-01-01,2717,2865.245060867377
復興崗,2026-01-02,4085,4250.437532685595
復興崗,2026-01-03,3375,3357.3847017777543
復興崗,2026-01-04,3006,2818.6477048079914
復興崗,2026-01-05,4115,4041.986778689756
復興崗,2026-01-06,4250,4146.96662666827
復興崗,2026-01-07,4263,4232.626878057465
復興崗,2026-01-08,4233,4139.821657778503
復興崗,2026-01-09,4453,4357.268029554636
復興崗,2026-01-10,3730,3497.742189662056
復興崗,2026-01-11,3063,2964.919280866816
復興崗,2026-01-12,3990,4051.356195357066
復興崗,2026-01-13,4339,4100.790290684589
復興崗,2026-01-14,4284,4280.354015071693
復興崗,2026-01-15,4277,4152.928009803884
復興崗,2026-01-16,4478,4384.778394487374
復興崗,2026-01-17,3750,3523.818095425251
復興崗,2026-01-18,3085,2977.194912733189
復興崗,2026-01-19,4034,4053.697159930294
復興崗,2026-01-20,4294,4135.009255834393
復興崗,2026-01-21,4141,4259.6967289600125
復興崗,2026-01-22,4210,4104.735311653159
復興崗,2026-01-23,4519,4369.671705550227
復興崗,2026-01-24,3728,3557.459015811197
復興崗,2026-01-25,3467,2972.8260431621948
復興崗,2026-01-26,4136,4211.800539057216
復興崗,2026-01-27,4122,4167.533280591548
復興崗,2026-01-28,4311,4176.764468169817
復興崗,2026-01-29,4419,4189.789771579402
復興崗,2026-01-30,4516,4456.938959827299
復興崗,2026-01-31,3536,3557.262673634977
復興崗,2026-02-01,2968,2931.7522232164856
復興崗,2026-02-02,3916,4009.580285287351
復興崗,2026-02-03,4258,4093.8848477638144
復興崗,2026-02-04,4378,4252.841100430901
復興崗,2026-02-05,4390,4226.268979349502
復興崗,2026-02-06,4539,4445.090142032713
復興崗,2026-02-07,3429,3564.2841144579697
復興崗,2026-02-08,2941,2882.1303465537894
復興崗,2026-02-09,4103,3997.537939939995
復興崗,2026-02-10,4379,4185.023168784334
復興崗,2026-02-11,4308,4301.5213395942665
復興崗,2026-02-12,4239,4202.120000793866
復興崗,2026-02-13,4275,4393.191527017808
復興崗,2026-02-14,3222,3451.993047492978
復興崗,2026-02-15,2509,2812.636434614053
復興崗,2026-02-16,1927,2668.2448831207944
復興崗,2026-02-17,3796,2633.2439604441915
復興崗,2026-02-18,3320,3418.5962823838736
復興崗,2026-02-19,4245,3074.5487180392074
復興崗,2026-02-20,3997,3656.836534087727
復興崗,2026-02-21,4187,3762.51111174806
復興崗,2026-02-22,3430,3147.9522422972213
復興崗,2026-02-23,4227,4116.197377430022
復興崗,2026-02-24,4333,4316.965933183272
復興崗,2026-02-25,4462,4269.799966613378
復興崗,2026-02-26,4421,4359.202327085535
復興崗,2026-02-27,3574,3272.601825601252
復興崗,2026-02-28,3800,3672.45602237892
復興崗,2026-03-01,3181,3029.3700191925373
復興崗,2026-03-02,4030,4049.5299361170273
復興崗,2026-03-03,4100,4230.448579416946
復興崗,2026-03-04,4220,4198.391837442991
復興崗,2026-03-05,4383,4257.849509519924
復興崗,2026-03-06,4463,4491.49048063678
復興崗,2026-03-07,3740,3546.5522331121656
復興崗,2026-03-08,3092,3027.6094303526734
復興崗,2026-03-09,4079,4011.032887733238
復興崗,2026-03-10,4207,4244.159108591824
復興崗,2026-03-11,4628,4238.639363341309
復興崗,2026-03-12,4497,4429.827133757461
復興崗,2026-03-13,4630,4512.896738576329
復興崗,2026-03-14,4228,3625.2783613642086
復興崗,2026-03-15,3303,3223.928551630177
復興崗,2026-03-16,4137,4081.023056824472
復興崗,2026-03-17,4273,4259.518777439773
復興崗,2026-03-18,4343,4293.870088175994
復興崗,2026-03-19,4388,4312.833834984203
復興崗,2026-03-20,4814,4491.4294728950445
復興崗,2026-03-21,3848,3748.825944342995
復興崗,2026-03-22,3271,3063.2432177311302
復興崗,2026-03-23,4026,4090.535890917564
復興崗,2026-03-24,4216,4214.6554706304605
復興崗,2026-03-25,4315,4274.073246083521
復興崗,2026-03-26,4399,4308.262627796916
復興崗,2026-03-27,4392,4520.493807801759
復興崗,2026-03-28,3709,3573.334859284992
復興崗,2026-03-29,3112,3041.2935938970686
復興崗,2026-03-30,4058,4023.4698495859047
復興崗,2026-03-31,4226,4234.896442684821
復興崗,2026-04-01,4181,4278.23077888291
復興崗,2026-04-02,4451,4258.797487032557
復興崗,2026-04-03,2960,3328.294987990609
復興崗,2026-04-04,2700,3485.7307844708203
復興崗,2026-04-05,2702,2639.154945440636
復興崗,2026-04-06,2560,2699.6700093877125
復興崗,2026-04-07,3941,4127.7973809345785
復興崗,2026-04-08,4489,4164.980164453779
復興崗,2026-04-09,4314,4411.636076703066
復興崗,2026-04-10,4492,4434.217408855163
復興崗,2026-04-11,3670,3565.7207561886034
復興崗,2026-04-12,3258,3026.1841223253195
復興崗,2026-04-13,4100,4078.4028503334425
復興崗,2026-04-14,4189,4229.79613158186
復興崗,2026-04-15,4301,4280.229837524307
復興崗,2026-04-16,4320,4313.476441291461
復興崗,2026-04-17,4625,4456.661336893854
復興崗,2026-04-18,3714,3638.2983452722056
復興崗,2026-04-19,3178,3055.23317433716
復興崗,2026-04-20,4030,4047.692359421139
復興崗,2026-04-21,4225,4204.421905341459
復興崗,2026-04-22,4344,4295.000537322986
復興崗,2026-04-23,4095,4330.98796187913
復興崗,2026-04-24,4304,4374.444866943571
復興崗,2026-04-25,3382,3521.566947869178
復興崗,2026-04-26,3475,2938.745662239897
復興崗,2026-04-27,4041,4182.753115472689
復興崗,2026-04-28,4233,4195.262109514199
復興崗,2026-04-29,4417,4303.068713067432
復興崗,2026-04-30,4278,4342.1149514300005
復興崗,2026-05-01,3414,3233.069355397301
復興崗,2026-05-02,3451,3631.284606092786
復興崗,2026-05-03,3051,2992.939795391706
復興崗,2026-05-04,4185,3995.536157879435
復興崗,2026-05-05,4115,4277.81155990818
復興崗,2026-05-06,4634,4253.287607134194
復興崗,2026-05-07,4421,4436.670516055895
復興崗,2026-05-08,4483,4501.342555953091
復興崗,2026-05-09,3414,3557.40599822894
復興崗,2026-05-10,2800,2981.7619260532865
復興崗,2026-05-11,4106,3909.760824991253
復興崗,2026-05-12,4292,4243.979123394978
復興崗,2026-05-13,4315,4356.632673438416
復興崗,2026-05-14,4223,4296.145823924041
復興崗,2026-05-15,4641,4432.073762014903
復興崗,2026-05-16,4004,3621.5704138252577
復興崗,2026-05-17,3246,3201.420608394444
復興崗,2026-05-18,4099,4078.8856944721415
復興崗,2026-05-19,4252,4228.910806561303
復興崗,2026-05-20,4381,4333.934927765822
復興崗,2026-05-21,4305,4319.5331638961925
復興崗,2026-05-22,4535,4478.988330754204
復興崗,2026-05-23,3485,3606.151402854205
復興崗,2026-05-24,2915,2999.015421127392
復興崗,2026-05-25,4080,3965.4466882105976
復興崗,2026-05-26,4225,4235.286823729446
復興崗,2026-05-27,4223,4326.3647777962415
復興崗,2026-05-28,4124,4255.681978616579
復興崗,2026-05-29,4330,4413.195626760756
復興崗,2026-05-30,3508,3514.651407414653
復興崗,2026-05-31,2778,3010.294930104405
忠孝復興,2026-01-01,40297,43431.009495839215
忠孝復興,2026-01-02,48417,52283.229766040975
忠孝復興,2026-01-03,44769,47631.3864662101
忠孝復興,2026-01-04,34123,36498.21763998337
忠孝復興,2026-01-05,42223,40930.64412076095
忠孝復興,2026-01-06,44149,44566.02896155465
忠孝復興,2026-01-07,44461,46882.33036888093
忠孝復興,2026-01-08,45236,46344.20467878382
忠孝復興,2026-01-09,50468,49785.723114005545
忠孝復興,2026-01-10,48222,47628.80417037039
忠孝復興,2026-01-11,36730,37807.72005049681
忠孝復興,2026-01-12,41078,43177.35461632769
忠孝復興,2026-01-13,44238,44403.63573342456
忠孝復興,2026-01-14,44872,46210.24941123292
忠孝復興,2026-01-15,45128,46075.326911503886
忠孝復興,2026-01-16,50393,49691.31108553627
忠孝復興,2026-01-17,48052,47546.39414530176
忠孝復興,2026-01-18,37210,37309.74923701634
忠孝復興,2026-01-19,42420,42990.86241106144
忠孝復興,2026-01-20,44931,45068.38577324616
忠孝復興,2026-01-21,44333,46252.36182689981
忠孝復興,2026-01-22,45122,45614.11059280312
忠孝復興,2026-01-23,50403,49882.388741906776
忠孝復興,2026-01-24,49974,47717.22445789334
忠孝復興,2026-01-25,38344,38235.834171460745
忠孝復興,2026-01-26,42014,43499.10573687937
忠孝復興,2026-01-27,44855,44966.563183785656
忠孝復興,2026-01-28,45208,45677.40864007974
忠孝復興,2026-01-29,47413,45890.236468239935
忠孝復興,2026-01-30,51601,51333.02212451575
忠孝復興,2026-01-31,50305,49146.37161677888
忠孝復興,2026-02-01,39707,38600.203336415536
忠孝復興,2026-02-02,43557,43908.35601665159
忠孝復興,2026-02-03,44405,45890.86303273265
忠孝復興,2026-02-04,46094,45393.14070256685
忠孝復興,2026-02-05,47320,46671.820759720285
忠孝復興,2026-02-06,53640,51464.691707397054
忠孝復興,2026-02-07,51002,50642.11759933676
忠孝復興,2026-02-08,40341,39436.770311606655
忠孝復興,2026-02-09,45759,44171.22380736964
忠孝復興,2026-02-10,48337,46778.317546471895
忠孝復興,2026-02-11,50244,47836.02473270068
忠孝復興,2026-02-12,51495,49544.44164681904
忠孝復興,2026-02-13,53622,54677.30580546552
忠孝復興,2026-02-14,43747,51294.7463781557
忠孝復興,2026-02-15,33338,36009.0869048869
忠孝復興,2026-02-16,18074,20532.375134062237
忠孝復興,2026-02-17,26307,22357.444651358943
忠孝復興,2026-02-18,27980,26596.62247300308
忠孝復興,2026-02-19,32101,28602.684505669557
忠孝復興,2026-02-20,34539,47904.79177887389
忠孝復興,2026-02-21,38213,42873.47160874112
忠孝復興,2026-02-22,32261,31261.069768925263
忠孝復興,2026-02-23,40293,38313.6442110325
忠孝復興,2026-02-24,41711,44108.72631566058
忠孝復興,2026-02-25,44915,44689.50870035802
忠孝復興,2026-02-26,48292,47369.45654420344
忠孝復興,2026-02-27,46839,42574.98681584004
忠孝復興,2026-02-28,43679,47329.91058857263
忠孝復興,2026-03-01,33072,35333.85951753578
忠孝復興,2026-03-02,40127,39794.25107425915
忠孝復興,2026-03-03,41863,43945.78052611255
忠孝復興,2026-03-04,43948,44927.56580541988
忠孝復興,2026-03-05,44841,47320.10038100281
忠孝復興,2026-03-06,49710,47212.4571935252
忠孝復興,2026-03-07,48770,43977.22724502676
忠孝復興,2026-03-08,37203,37135.669022894894
忠孝復興,2026-03-09,41402,42616.2690847677
忠孝復興,2026-03-10,43585,44443.09701130522
忠孝復興,2026-03-11,44997,45833.91791238173
忠孝復興,2026-03-12,45493,47550.79317732676
忠孝復興,2026-03-13,50510,48645.153414780136
忠孝復興,2026-03-14,49189,45385.142954489085
忠孝復興,2026-03-15,37442,37310.56646427324
忠孝復興,2026-03-16,41444,42529.080659243526
忠孝復興,2026-03-17,43168,44177.41272803829
忠孝復興,2026-03-18,45098,45364.90252181428
忠孝復興,2026-03-19,44992,46915.39196189718
忠孝復興,2026-03-20,52887,48954.42991786924
忠孝復興,2026-03-21,50042,47808.75453760571
忠孝復興,2026-03-22,39948,38035.90024134875
忠孝復興,2026-03-23,41776,43638.787547747794
忠孝復興,2026-03-24,43606,44345.72980414143
忠孝復興,2026-03-25,45675,45568.31623888062
忠孝復興,2026-03-26,46408,46707.779760089485
忠孝復興,2026-03-27,51182,50795.532773340725
忠孝復興,2026-03-28,47771,47813.8561328888
忠孝復興,2026-03-29,36301,37155.0693429972
忠孝復興,2026-03-30,41911,40970.94111238591
忠孝復興,2026-03-31,43704,43766.87473328264
忠孝復興,2026-04-01,44852,45565.60478235247
忠孝復興,2026-04-02,47201,46085.31019972463
忠孝復興,2026-04-03,40606,45035.62752304643
忠孝復興,2026-04-04,39515,45824.68490955151
忠孝復興,2026-04-05,35201,32347.69140985229
忠孝復興,2026-04-06,34233,33152.88439107809
忠孝復興,2026-04-07,42828,42773.85069617477
忠孝復興,2026-04-08,43597,44769.62749974027
忠孝復興,2026-04-09,44430,45554.761989338855
忠孝復興,2026-04-10,51231,48841.2161055574
忠孝復興,2026-04-11,48627,46233.80554331752
忠孝復興,2026-04-12,37692,38087.51612913667
忠孝復興,2026-04-13,41028,42203.552261769226
忠孝復興,2026-04-14,42502,43411.27219853159
忠孝復興,2026-04-15,44093,44396.36531938851
忠孝復興,2026-04-16,44288,45618.89089798123
忠孝復興,2026-04-17,50313,49074.02131702504
忠孝復興,2026-04-18,48623,45882.911419240925
忠孝復興,2026-04-19,37217,38097.34401177012
忠孝復興,2026-04-20,40469,41728.316573003285
忠孝復興,2026-04-21,42311,42858.780421820586
忠孝復興,2026-04-22,42814,44085.46713166415
忠孝復興,2026-04-23,44221,44524.16155895194
忠孝復興,2026-04-24,52707,49378.98688141148
忠孝復興,2026-04-25,52296,47941.9950135192
忠孝復興,2026-04-26,41261,40010.25278673478
忠孝復興,2026-04-27,42339,43885.870708365146
忠孝復興,2026-04-28,44074,44135.51742459085
忠孝復興,2026-04-29,45836,44980.71083771616
忠孝復興,2026-04-30,50319,46187.82669648337
忠孝復興,2026-05-01,45621,47331.34047543094
忠孝復興,2026-05-02,45533,49458.191753466046
忠孝復興,2026-05-03,36322,36760.84631225037
忠孝復興,2026-05-04,43060,40191.126711853954
忠孝復興,2026-05-05,44648,43846.41856537498
忠孝復興,2026-05-06,45918,45350.72892773061
忠孝復興,2026-05-07,47069,47228.162507952926
忠孝復興,2026-05-08,51453,51898.30817127529
忠孝復興,2026-05-09,48951,48181.72156777312
忠孝復興,2026-05-10,37260,38419.11264463772
忠孝復興,2026-05-11,40461,41573.690474400406
忠孝復興,2026-05-12,42755,42822.43487952498
忠孝復興,2026-05-13,44131,44322.96694688404
忠孝復興,2026-05-14,42932,46297.12917039275
忠孝復興,2026-05-15,50281,49266.17176177159
忠孝復興,2026-05-16,48264,47001.55356918985
忠孝復興,2026-05-17,38524,37546.86247170956
忠孝復興,2026-05-18,40255,42070.65434988589
忠孝復興,2026-05-19,41454,42858.43823251263
忠孝復興,2026-05-20,43894,43627.36563672671
忠孝復興,2026-05-21,42863,45223.96893373715
忠孝復興,2026-05-22,48684,49399.41160083364
忠孝復興,2026-05-23,48447,46517.59106710955
忠孝復興,2026-05-24,37280,37632.94759776769
忠孝復興,2026-05-25,40538,40890.22939188153
忠孝復興,2026-05-26,42585,42543.70858315735
忠孝復興,2026-05-27,43914,44271.48897912554
忠孝復興,2026-05-28,43540,44576.67693469505
忠孝復興,2026-05-29,47921,49681.49176502985
忠孝復興,2026-05-30,47376,46716.51771013123
忠孝復興,2026-05-31,36852,36997.9095786877
忠孝敦化,2026-01-01,26054,27222.935754304483
忠孝敦化,2026-01-02,35691,38694.50701114646
忠孝敦化,2026-01-03,28443,30969.7978531954
忠孝敦化,2026-01-04,21532,22995.639957475207
忠孝敦化,2026-01-05,31999,30856.757162878635
忠孝敦化,2026-01-06,33880,34822.82537783627
忠孝敦化,2026-01-07,34698,35724.64200543664
忠孝敦化,2026-01-08,34330,35917.8303400399
忠孝敦化,2026-01-09,37528,36902.6963453027
忠孝敦化,2026-01-10,31406,31129.704322681348
忠孝敦化,2026-01-11,22434,23917.80103223771
忠孝敦化,2026-01-12,31534,31622.05807395876
忠孝敦化,2026-01-13,32996,34396.95055759602
忠孝敦化,2026-01-14,33769,35031.548939798806
忠孝敦化,2026-01-15,34075,34998.3300729746
忠孝敦化,2026-01-16,37064,36889.75509948492
忠孝敦化,2026-01-17,30653,30913.025402590774
忠孝敦化,2026-01-18,23090,23098.27096480145
忠孝敦化,2026-01-19,31563,31962.680434438596
忠孝敦化,2026-01-20,34523,33956.35281319914
忠孝敦化,2026-01-21,33880,35365.939178021654
忠孝敦化,2026-01-22,34233,34696.93407026178
忠孝敦化,2026-01-23,37357,37038.92841034584
忠孝敦化,2026-01-24,31096,30986.85350037537
忠孝敦化,2026-01-25,23057,23254.32833601746
忠孝敦化,2026-01-26,31818,31816.659600513463
忠孝敦化,2026-01-27,33771,34198.5823708464
忠孝敦化,2026-01-28,34248,34534.43719735407
忠孝敦化,2026-01-29,34429,34732.493275960755
忠孝敦化,2026-01-30,37091,37217.46246059906
忠孝敦化,2026-01-31,31666,30877.496388477197
忠孝敦化,2026-02-01,23678,23479.239069568088
忠孝敦化,2026-02-02,31644,32085.64429225387
忠孝敦化,2026-02-03,33542,33997.48811792132
忠孝敦化,2026-02-04,34319,34302.1847537014
忠孝敦化,2026-02-05,34689,34671.43778269066
忠孝敦化,2026-02-06,38682,37313.30750894944
忠孝敦化,2026-02-07,32282,31861.10805341602
忠孝敦化,2026-02-08,24565,23782.4588946354
忠孝敦化,2026-02-09,33124,32369.52684597117
忠孝敦化,2026-02-10,35623,34536.77102225571
忠孝敦化,2026-02-11,36449,35256.4660321448
忠孝敦化,2026-02-12,37424,35632.27611733822
忠孝敦化,2026-02-13,37661,38954.88878057129
忠孝敦化,2026-02-14,26953,31449.713452054435
忠孝敦化,2026-02-15,18572,21497.68529498268
忠孝敦化,2026-02-16,7945,6393.891994764686
忠孝敦化,2026-02-17,10871,10707.247103445909
忠孝敦化,2026-02-18,12253,11562.849968547764
忠孝敦化,2026-02-19,15575,12371.295661832912
忠孝敦化,2026-02-20,18610,29182.396876668518
忠孝敦化,2026-02-21,21284,25913.81120415002
忠孝敦化,2026-02-22,18209,18210.218128658395
忠孝敦化,2026-02-23,29378,30280.043122777555
忠孝敦化,2026-02-24,31480,33279.49937655732
忠孝敦化,2026-02-25,33211,33946.318991114065
忠孝敦化,2026-02-26,34690,35680.59977868346
忠孝敦化,2026-02-27,28741,24095.894037297512
忠孝敦化,2026-02-28,26601,29393.563142904008
忠孝敦化,2026-03-01,19879,20381.205091023017
忠孝敦化,2026-03-02,29685,30742.86797434616
忠孝敦化,2026-03-03,31519,32876.63314423856
忠孝敦化,2026-03-04,32786,33768.55726626128
忠孝敦化,2026-03-05,33615,35293.42980456998
忠孝敦化,2026-03-06,36276,34816.70734964287
忠孝敦化,2026-03-07,30908,27189.861473738994
忠孝敦化,2026-03-08,22536,22369.54785859974
忠孝敦化,2026-03-09,30764,31560.19341749479
忠孝敦化,2026-03-10,32330,32881.01691724046
忠孝敦化,2026-03-11,33444,33824.72736646636
忠孝敦化,2026-03-12,33629,35070.02535474451
忠孝敦化,2026-03-13,37183,35390.66197388576
忠孝敦化,2026-03-14,31352,28606.44740540273
忠孝敦化,2026-03-15,22887,22589.05421990184
忠孝敦化,2026-03-16,30757,31456.511712901105
忠孝敦化,2026-03-17,32481,32669.80985974399
忠孝敦化,2026-03-18,33090,33757.81377077311
忠孝敦化,2026-03-19,33123,34431.12606169501
忠孝敦化,2026-03-20,38346,35711.98515392633
忠孝敦化,2026-03-21,31685,30086.06905087228
忠孝敦化,2026-03-22,24481,22808.259964299643
忠孝敦化,2026-03-23,30449,31986.432781614625
忠孝敦化,2026-03-24,32322,32410.787991002908
忠孝敦化,2026-03-25,33976,33489.89598623821
忠孝敦化,2026-03-26,33841,34438.967694341656
忠孝敦化,2026-03-27,36186,36842.79527732386
忠孝敦化,2026-03-28,29807,29577.55947407482
忠孝敦化,2026-03-29,21651,22457.886299148377
忠孝敦化,2026-03-30,30272,30218.11720982063
忠孝敦化,2026-03-31,32340,32367.668612181795
忠孝敦化,2026-04-01,33080,33617.530195061874
忠孝敦化,2026-04-02,34553,33798.59951259724
忠孝敦化,2026-04-03,25038,26870.660931989776
忠孝敦化,2026-04-04,23270,29232.39061825636
忠孝敦化,2026-04-05,20775,19181.39318708877
忠孝敦化,2026-04-06,19487,19707.668253311072
忠孝敦化,2026-04-07,31838,32105.65210841686
忠孝敦化,2026-04-08,32716,33254.03172011819
忠孝敦化,2026-04-09,33251,33836.017810260404
忠孝敦化,2026-04-10,37799,35937.13991843428
忠孝敦化,2026-04-11,31093,28771.3058793355
忠孝敦化,2026-04-12,23732,23279.70083128225
忠孝敦化,2026-04-13,30428,31088.51211627715
忠孝敦化,2026-04-14,31741,32300.837795759548
忠孝敦化,2026-04-15,32774,33020.211426081114
忠孝敦化,2026-04-16,33021,33724.496316840894
忠孝敦化,2026-04-17,35637,36301.42959578414
忠孝敦化,2026-04-18,30081,28217.53265949724
忠孝敦化,2026-04-19,22573,23035.292341686956
忠孝敦化,2026-04-20,29794,30361.55484323775
忠孝敦化,2026-04-21,31396,31858.07288180322
忠孝敦化,2026-04-22,32351,32783.3509263486
忠孝敦化,2026-04-23,32355,33308.903812588
忠孝敦化,2026-04-24,36361,35866.00818694853
忠孝敦化,2026-04-25,30791,29198.4794903166
忠孝敦化,2026-04-26,24056,23234.142704170237
忠孝敦化,2026-04-27,30461,30868.890856333583
忠孝敦化,2026-04-28,31587,31988.41094100871
忠孝敦化,2026-04-29,33074,32727.93106116152
忠孝敦化,2026-04-30,35190,33354.91528324305
忠孝敦化,2026-05-01,26628,27089.447542298047
忠孝敦化,2026-05-02,27000,29875.102780965208
忠孝敦化,2026-05-03,21043,21633.58061827916
忠孝敦化,2026-05-04,31002,29395.459626849508
忠孝敦化,2026-05-05,32995,32191.87903078175
忠孝敦化,2026-05-06,33216,33468.01750314839
忠孝敦化,2026-05-07,33381,33882.9917600605
忠孝敦化,2026-05-08,35824,36338.10569077367
忠孝敦化,2026-05-09,28957,28653.174071235822
忠孝敦化,2026-05-10,20600,22451.38273874809
忠孝敦化,2026-05-11,29979,29578.923254973062
忠孝敦化,2026-05-12,31535,31935.64282717456
忠孝敦化,2026-05-13,32396,32736.04478348428
忠孝敦化,2026-05-14,32207,33444.85609790691
忠孝敦化,2026-05-15,37909,35633.615641995406
忠孝敦化,2026-05-16,30336,29671.77655372865
忠孝敦化,2026-05-17,24571,22502.420510103257
忠孝敦化,2026-05-18,30065,31610.408807327385
忠孝敦化,2026-05-19,31576,31785.097449304794
忠孝敦化,2026-05-20,33374,32652.909176991245
忠孝敦化,2026-05-21,33144,33537.083063784026
忠孝敦化,2026-05-22,36294,36692.21106524
忠孝敦化,2026-05-23,31047,29081.16533712177
忠孝敦化,2026-05-24,23301,23420.62044624513
忠孝敦化,2026-05-25,30124,30549.609870228185
忠孝敦化,2026-05-26,32081,31773.99470099856
忠孝敦化,2026-05-27,32846,33086.96514289165
忠孝敦化,2026-05-28,32870,33119.80786223808
忠孝敦化,2026-05-29,36095,36535.86193679083
忠孝敦化,2026-05-30,30254,29576.9915831857
忠孝敦化,2026-05-31,23292,23081.61118129444
忠孝新生,2026-01-01,28231,30992.76113335754
忠孝新生,2026-01-02,36806,41354.78527602716
忠孝新生,2026-01-03,33471,35809.10626630846
忠孝新生,2026-01-04,27681,29650.6813908151
忠孝新生,2026-01-05,35877,34497.718654790864
忠孝新生,2026-01-06,36232,37658.09646014154
忠孝新生,2026-01-07,36941,38219.96797733948
忠孝新生,2026-01-08,37072,37385.627871064615
忠孝新生,2026-01-09,40637,40414.62957790823
忠孝新生,2026-01-10,36408,37025.42153022909
忠孝新生,2026-01-11,29198,30434.88507338208
忠孝新生,2026-01-12,33285,35711.34593994665
忠孝新生,2026-01-13,33971,36067.190235691225
忠孝新生,2026-01-14,34668,36745.899309344175
忠孝新生,2026-01-15,35157,36109.16960953738
忠孝新生,2026-01-16,38997,39389.53971657104
忠孝新生,2026-01-17,38836,35987.95920373814
忠孝新生,2026-01-18,32125,31229.680569743607
忠孝新生,2026-01-19,34205,36482.92901242285
忠孝新生,2026-01-20,36252,35825.78089283521
忠孝新生,2026-01-21,34254,37226.28727606985
忠孝新生,2026-01-22,34066,35599.2264253159
忠孝新生,2026-01-23,37598,38777.93803502282
忠孝新生,2026-01-24,39291,36083.51375542523
忠孝新生,2026-01-25,33135,31673.994495936557
忠孝新生,2026-01-26,34710,36237.236187147246
忠孝新生,2026-01-27,34070,36086.66119443269
忠孝新生,2026-01-28,35527,35251.16643910003
忠孝新生,2026-01-29,37452,35800.342252727554
忠孝新生,2026-01-30,40568,40067.73136140275
忠孝新生,2026-01-31,37856,38477.36665606914
忠孝新生,2026-02-01,29859,31363.074277053835
忠孝新生,2026-02-02,32867,34153.98297811649
忠孝新生,2026-02-03,33931,34713.33354935844
忠孝新生,2026-02-04,34717,35168.346424402254
忠孝新生,2026-02-05,35610,35795.74236610345
忠孝新生,2026-02-06,39463,39269.73605015205
忠孝新生,2026-02-07,37214,37928.21666876401
忠孝新生,2026-02-08,30944,30715.082582031697
忠孝新生,2026-02-09,34767,34282.7785761188
忠孝新生,2026-02-10,35989,35320.95951178622
忠孝新生,2026-02-11,35912,36036.33449343379
忠孝新生,2026-02-12,36580,36367.34685397819
忠孝新生,2026-02-13,37252,39801.013544349255
忠孝新生,2026-02-14,29407,36601.0868986728
忠孝新生,2026-02-15,22999,26934.039211170493
忠孝新生,2026-02-16,10395,13307.379135742118
忠孝新生,2026-02-17,18409,14849.89737856559
忠孝新生,2026-02-18,20023,18660.46725318425
忠孝新生,2026-02-19,25848,19798.10805328313
忠孝新生,2026-02-20,27769,34157.443304668595
忠孝新生,2026-02-21,31078,33828.851029363206
忠孝新生,2026-02-22,25947,26713.960554021814
忠孝新生,2026-02-23,34542,31253.601916938525
忠孝新生,2026-02-24,35055,36456.8108811256
忠孝新生,2026-02-25,37440,35895.728971369324
忠孝新生,2026-02-26,39810,38845.24524570758
忠孝新生,2026-02-27,37029,30657.98705037938
忠孝新生,2026-02-28,37440,37357.38055693548
忠孝新生,2026-03-01,28350,29278.665039431908
忠孝新生,2026-03-02,34196,33097.44158817794
忠孝新生,2026-03-03,35025,36013.86286707835
忠孝新生,2026-03-04,36484,36370.09061265934
忠孝新生,2026-03-05,37619,38898.99202916921
忠孝新生,2026-03-06,40800,39227.76878589086
忠孝新生,2026-03-07,39373,35182.53520614697
忠孝新生,2026-03-08,32216,30022.77138917859
忠孝新生,2026-03-09,35060,35398.21579164731
忠孝新生,2026-03-10,36025,36029.341224908894
忠孝新生,2026-03-11,37915,36939.412819805206
忠孝新生,2026-03-12,38360,39256.26587939177
忠孝新生,2026-03-13,42230,40282.20479538998
忠孝新生,2026-03-14,41941,37027.3515186288
忠孝新生,2026-03-15,32794,31816.2357868666
忠孝新生,2026-03-16,36513,35581.26007679702
忠孝新生,2026-03-17,37278,36691.782190933794
忠孝新生,2026-03-18,38465,37795.00699769697
忠孝新生,2026-03-19,39403,39202.16067185683
忠孝新生,2026-03-20,44022,41367.04591101535
忠孝新生,2026-03-21,40754,39409.53308330725
忠孝新生,2026-03-22,32894,31568.11773772665
忠孝新生,2026-03-23,35812,35891.26997802457
忠孝新生,2026-03-24,36426,36509.24780713564
忠孝新生,2026-03-25,35980,37616.12423308047
忠孝新生,2026-03-26,37590,38022.36134864163
忠孝新生,2026-03-27,41079,41332.11830107178
忠孝新生,2026-03-28,37621,38568.42257298094
忠孝新生,2026-03-29,30195,30487.29540170561
忠孝新生,2026-03-30,35396,34644.63462979548
忠孝新生,2026-03-31,35951,36353.96878907992
忠孝新生,2026-04-01,37657,36967.164995578205
忠孝新生,2026-04-02,40128,38742.45317052712
忠孝新生,2026-04-03,34506,34439.08208282254
忠孝新生,2026-04-04,31118,39077.18955934377
忠孝新生,2026-04-05,29493,27256.03886859306
忠孝新生,2026-04-06,25673,26476.299956556664
忠孝新生,2026-04-07,35104,35474.01473937415
忠孝新生,2026-04-08,36314,36699.08166787563
忠孝新生,2026-04-09,37097,38460.85674132138
忠孝新生,2026-04-10,41221,41124.31450856753
忠孝新生,2026-04-11,37015,36207.84406324967
忠孝新生,2026-04-12,31007,30759.916960651262
忠孝新生,2026-04-13,35142,35064.75062994569
忠孝新生,2026-04-14,35990,35981.22586234566
忠孝新生,2026-04-15,36208,37037.286653226925
忠孝新生,2026-04-16,37127,38080.15060850563
忠孝新生,2026-04-17,40559,41171.75963970066
忠孝新生,2026-04-18,39782,35769.3778622995
忠孝新生,2026-04-19,33048,32288.022012469068
忠孝新生,2026-04-20,33503,35997.92901712151
忠孝新生,2026-04-21,34249,35133.12423954671
忠孝新生,2026-04-22,35481,35971.019812970255
忠孝新生,2026-04-23,35218,37431.9508316955
忠孝新生,2026-04-24,39118,40086.31493819667
忠孝新生,2026-04-25,35905,36252.44377951797
忠孝新生,2026-04-26,32722,30630.43128093444
忠孝新生,2026-04-27,34328,35228.19451135245
忠孝新生,2026-04-28,35160,35298.61091312658
忠孝新生,2026-04-29,36530,36233.05972511469
忠孝新生,2026-04-30,39665,37285.25119349073
忠孝新生,2026-05-01,35387,33808.1611993349
忠孝新生,2026-05-02,34324,38402.29268302524
忠孝新生,2026-05-03,28632,30387.18611844109
忠孝新生,2026-05-04,35032,32906.69552429369
忠孝新生,2026-05-05,36159,35638.895597302704
忠孝新生,2026-05-06,37738,36768.84855343252
忠孝新生,2026-05-07,36620,38419.04322284558
忠孝新生,2026-05-08,38866,40834.19384182879
忠孝新生,2026-05-09,32286,35035.15075705763
忠孝新生,2026-05-10,24810,29077.79541549024
忠孝新生,2026-05-11,33758,31622.29000338236
忠孝新生,2026-05-12,35172,35221.886122482705
忠孝新生,2026-05-13,35510,36586.00953922888
忠孝新生,2026-05-14,35906,36959.99243715504
忠孝新生,2026-05-15,41986,40054.05534038267
忠孝新生,2026-05-16,39811,35646.253665584205
忠孝新生,2026-05-17,33383,31450.785239980414
忠孝新生,2026-05-18,34504,36358.739531841566
忠孝新生,2026-05-19,35239,35447.243937094754
忠孝新生,2026-05-20,36092,36356.24422456965
忠孝新生,2026-05-21,36703,36872.03064854416
忠孝新生,2026-05-22,40278,40875.30301344099
忠孝新生,2026-05-23,36550,35832.4839641349
忠孝新生,2026-05-24,32004,30240.69792788968
忠孝新生,2026-05-25,35139,35318.4554597519
忠孝新生,2026-05-26,34597,35719.64729751045
忠孝新生,2026-05-27,36045,35909.773517318776
忠孝新生,2026-05-28,36383,36774.67352576176
忠孝新生,2026-05-29,39376,40642.7059409782
忠孝新生,2026-05-30,35811,35777.03623173797
忠孝新生,2026-05-31,29682,30471.077186668303
忠義,2026-01-01,1590,2055.9469078593324
忠義,2026-01-02,2709,3416.562629962402
忠義,2026-01-03,1967,1662.6810515849288
忠義,2026-01-04,1623,1618.5134189913838
忠義,2026-01-05,3566,3412.539828187144
忠義,2026-01-06,3630,3592.131638238028
忠義,2026-01-07,3740,3586.662021228792
忠義,2026-01-08,3562,3590.703793678564
忠義,2026-01-09,3642,3525.04762682866
忠義,2026-01-10,2052,1997.3975323693933
忠義,2026-01-11,1609,1615.6898868136227
忠義,2026-01-12,3450,3415.9458578340764
忠義,2026-01-13,3588,3553.072998192946
忠義,2026-01-14,3567,3592.848293780507
忠義,2026-01-15,3587,3537.34600985361
忠義,2026-01-16,3504,3562.4815941990832
忠義,2026-01-17,2374,1947.205531754047
忠義,2026-01-18,1719,1732.1895540475243
忠義,2026-01-19,3565,3442.12190858583
忠義,2026-01-20,3531,3592.644017767503
忠義,2026-01-21,3451,3564.2875554336583
忠義,2026-01-22,3531,3504.3926097426925
忠義,2026-01-23,2952,3540.1153450936795
忠義,2026-01-24,2081,1792.3886381039852
忠義,2026-01-25,1975,1649.0992324062197
忠義,2026-01-26,3507,3549.615440880518
忠義,2026-01-27,3467,3556.379043589691
忠義,2026-01-28,3511,3535.869044681812
忠義,2026-01-29,3653,3528.676454067767
忠義,2026-01-30,3632,3530.683573815999
忠義,2026-01-31,1936,2041.9883056071048
忠義,2026-02-01,1598,1602.6543906014072
忠義,2026-02-02,3407,3420.430309329615
忠義,2026-02-03,3508,3527.851640595304
忠義,2026-02-04,3449,3552.281057464231
忠義,2026-02-05,3573,3515.5726101370865
忠義,2026-02-06,3629,3524.341767818026
忠義,2026-02-07,1892,2029.2745036430056
忠義,2026-02-08,1588,1581.056272272695
忠義,2026-02-09,3384,3418.1192779865296
忠義,2026-02-10,3656,3519.9344262276622
忠義,2026-02-11,3445,3596.1852555194782
忠義,2026-02-12,3487,3511.4648053671995
忠義,2026-02-13,3216,3502.5414488165925
忠義,2026-02-14,1567,1878.642767776384
忠義,2026-02-15,1194,1483.2318055654057
忠義,2026-02-16,874,1718.1663448884792
忠義,2026-02-17,2294,1647.9278078306884
忠義,2026-02-18,1728,2119.7511341091213
忠義,2026-02-19,1927,1875.9035991426888
忠義,2026-02-20,2191,2017.7613760262248
忠義,2026-02-21,2113,2007.5247838938703
忠義,2026-02-22,1704,1632.237736134752
忠義,2026-02-23,3518,3376.0634940464456
忠義,2026-02-24,3670,3628.286147989624
忠義,2026-02-25,3841,3554.4683977218065
忠義,2026-02-26,3939,3650.813259700789
忠義,2026-02-27,2545,2170.404312348101
忠義,2026-02-28,1964,2131.4021365573603
忠義,2026-03-01,1668,1580.263099283984
忠義,2026-03-02,3401,3397.1695225867124
忠義,2026-03-03,3457,3580.380514786008
忠義,2026-03-04,3666,3516.09084839364
忠義,2026-03-05,3729,3621.0729203348337
忠義,2026-03-06,3732,3600.559794679503
忠義,2026-03-07,2132,2024.42990689215
忠義,2026-03-08,1775,1654.5345586218236
忠義,2026-03-09,3449,3425.4294901479498
忠義,2026-03-10,3602,3582.392394856928
忠義,2026-03-11,3748,3573.0758426565435
忠義,2026-03-12,3617,3648.664676414221
忠義,2026-03-13,3773,3563.7994822996147
忠義,2026-03-14,2131,2055.1486928372283
忠義,2026-03-15,1893,1661.0251979838763
忠義,2026-03-16,3473,3468.625277224616
忠義,2026-03-17,3611,3590.272433557589
忠義,2026-03-18,3670,3588.068057178144
忠義,2026-03-19,3659,3616.53756559507
忠義,2026-03-20,3742,3596.7821926415004
忠義,2026-03-21,2147,2047.220212897314
忠義,2026-03-22,1735,1685.6661457147652
忠義,2026-03-23,3454,3412.909258646855
忠義,2026-03-24,3630,3590.941520129608
忠義,2026-03-25,3683,3598.664590781881
忠義,2026-03-26,3695,3624.5249688591175
忠義,2026-03-27,3727,3617.6440414254857
忠義,2026-03-28,2024,2047.934204879038
忠義,2026-03-29,1644,1643.6714100287536
忠義,2026-03-30,3674,3389.086601865155
忠義,2026-03-31,3469,3673.288847057904
忠義,2026-04-01,3605,3540.1294170956503
忠義,2026-04-02,3693,3609.404377261677
忠義,2026-04-03,2195,2157.423899942356
忠義,2026-04-04,1485,2021.832181806773
忠義,2026-04-05,1415,1457.590083398297
忠義,2026-04-06,1397,1884.0451576401783
忠義,2026-04-07,3421,3380.0961541496317
忠義,2026-04-08,3607,3556.145433681239
忠義,2026-04-09,3636,3614.775181829264
忠義,2026-04-10,3748,3607.320908177661
忠義,2026-04-11,2101,2007.623874404674
忠義,2026-04-12,1728,1664.8961163868134
忠義,2026-04-13,3511,3392.515685965672
忠義,2026-04-14,3544,3602.6887928453766
忠義,2026-04-15,3529,3579.6650063593665
忠義,2026-04-16,3558,3585.853381482129
忠義,2026-04-17,3706,3594.61395222413
忠義,2026-04-18,2046,2012.9873564191653
忠義,2026-04-19,1625,1653.190940036019
忠義,2026-04-20,3393,3377.1891485041933
忠義,2026-04-21,3499,3559.496128455366
忠義,2026-04-22,3495,3562.6556139186014
忠義,2026-04-23,3458,3572.458209555699
忠義,2026-04-24,3487,3568.00838921442
忠義,2026-04-25,1877,1941.6944896248988
忠義,2026-04-26,1675,1598.4648530053923
忠義,2026-04-27,3448,3399.3543460193005
忠義,2026-04-28,3618,3572.085436948445
忠義,2026-04-29,3518,3597.3674825803614
忠義,2026-04-30,3498,3566.9846477262754
忠義,2026-05-01,2490,2104.144268339396
忠義,2026-05-02,1927,2098.0996993982294
忠義,2026-05-03,1490,1605.9580880775177
忠義,2026-05-04,3476,3338.8182904702094
忠義,2026-05-05,3553,3593.5604762396
忠義,2026-05-06,3660,3567.438100875198
忠義,2026-05-07,3794,3615.0133137694784
忠義,2026-05-08,3717,3704.6109202454654
忠義,2026-05-09,2269,1990.40124848342
忠義,2026-05-10,1572,1723.4390671732194
忠義,2026-05-11,3410,3364.833555271429
忠義,2026-05-12,3706,3564.761447418611
忠義,2026-05-13,3574,3632.577155968688
忠義,2026-05-14,3429,3595.9014100505665
忠義,2026-05-15,3816,3575.67878310191
忠義,2026-05-16,3097,2064.6234989144227
忠義,2026-05-17,1837,1995.534709401048
忠義,2026-05-18,3446,3428.9555794368976
忠義,2026-05-19,3553,3583.572592649842
忠義,2026-05-20,3547,3572.105807967826
忠義,2026-05-21,3558,3574.67233794757
忠義,2026-05-22,3707,3641.2227031934526
忠義,2026-05-23,2030,2105.761220228452
忠義,2026-05-24,1625,1617.9320072125483
忠義,2026-05-25,3431,3394.0527995990683
忠義,2026-05-26,3510,3576.962907460528
忠義,2026-05-27,3511,3556.1512776728373
忠義,2026-05-28,3534,3565.136596313607
忠義,2026-05-29,3593,3635.431741018012
忠義,2026-05-30,1901,2042.1076798658423
忠義,2026-05-31,1541,1580.5621802562987
文德,2026-01-01,3465,3726.447587722256
文德,2026-01-02,6329,6743.484496399252
文德,2026-01-03,4137,4102.0486650942
文德,2026-01-04,3410,3398.112234692095
文德,2026-01-05,6140,6110.304701004567
文德,2026-01-06,6200,6351.52693653471
文德,2026-01-07,6221,6336.82302565694
文德,2026-01-08,6259,6231.442671694041
文德,2026-01-09,6884,6658.699144265433
文德,2026-01-10,4548,4457.657721896072
文德,2026-01-11,3570,3521.152094219728
文德,2026-01-12,6079,6095.841385212474
文德,2026-01-13,6179,6229.505000364422
文德,2026-01-14,6335,6246.816638723552
文德,2026-01-15,6265,6342.692247102342
文德,2026-01-16,7397,6765.335596899159
文德,2026-01-17,5194,4770.687886373611
文德,2026-01-18,4611,3808.764672722472
文德,2026-01-19,6022,6573.510571313767
文德,2026-01-20,6968,6076.14218037738
文德,2026-01-21,6164,6747.867810274129
文德,2026-01-22,6437,6115.230402472779
文德,2026-01-23,6975,7047.443406934298
文德,2026-01-24,4473,4593.114929720739
文德,2026-01-25,3691,3668.816347272933
文德,2026-01-26,5684,6010.882053921512
文德,2026-01-27,5496,6229.273546152785
文德,2026-01-28,5294,5799.501933887242
文德,2026-01-29,5394,5927.382236283031
文德,2026-01-30,5661,6419.360043837858
文德,2026-01-31,4468,3895.12755386038
文德,2026-02-01,3315,3690.1480657402913
文德,2026-02-02,4945,5774.186075054031
文德,2026-02-03,5196,5560.536008530374
文德,2026-02-04,5321,5686.262888915907
文德,2026-02-05,5307,5780.62056369161
文德,2026-02-06,5498,6163.361452630261
文德,2026-02-07,4467,3966.009144083385
文德,2026-02-08,3754,3583.795973483624
文德,2026-02-09,4953,5876.595408327833
文德,2026-02-10,5238,5502.73087290489
文德,2026-02-11,5123,5732.968306196585
文德,2026-02-12,5282,5619.947938431579
文德,2026-02-13,5186,6133.270097086548
文德,2026-02-14,3791,3823.6678529785327
文德,2026-02-15,2856,3351.39150675059
文德,2026-02-16,2028,2081.141906609791
文德,2026-02-17,2404,2522.846748127396
文德,2026-02-18,2654,2539.408069801518
文德,2026-02-19,2916,2739.597486713232
文德,2026-02-20,3285,3577.541176603039
文德,2026-02-21,3520,4143.0862188734645
文德,2026-02-22,3247,2956.301933885838
文德,2026-02-23,6306,5829.351113105783
文德,2026-02-24,6581,6321.790330233657
文德,2026-02-25,6688,6349.7420773314525
文德,2026-02-26,7277,6471.130113524338
文德,2026-02-27,4197,4190.165338122022
文德,2026-02-28,4207,4347.936123469941
文德,2026-03-01,3275,3388.852969339317
文德,2026-03-02,6481,5939.050215518561
文德,2026-03-03,6543,6528.140342240287
文德,2026-03-04,6738,6391.443672375437
文德,2026-03-05,6701,6698.462216409822
文德,2026-03-06,7220,6814.921400732199
文德,2026-03-07,4365,4578.543968807084
文德,2026-03-08,4534,3374.855668676368
文德,2026-03-09,6432,6689.106478333681
文德,2026-03-10,6546,6299.405342230094
文德,2026-03-11,6881,6475.634337031149
文德,2026-03-12,6725,6632.980736982192
文德,2026-03-13,7217,6929.431991215591
文德,2026-03-14,4652,4567.925274022777
文德,2026-03-15,3818,3832.80425811166
文德,2026-03-16,6469,6090.27837317074
文德,2026-03-17,6713,6479.722575396949
文德,2026-03-18,6842,6569.070917131317
文德,2026-03-19,6706,6590.821374993905
文德,2026-03-20,7361,6938.152314505542
文德,2026-03-21,4663,4711.947779772911
文德,2026-03-22,3949,3631.686482689783
文德,2026-03-23,6324,6279.605004968541
文德,2026-03-24,6693,6397.251070346684
文德,2026-03-25,6880,6571.183093904657
文德,2026-03-26,6912,6616.042677327351
文德,2026-03-27,7035,7092.950603662623
文德,2026-03-28,4424,4488.843589792241
文德,2026-03-29,3570,3593.830057599404
文德,2026-03-30,6003,6045.364276734416
文德,2026-03-31,6185,6294.853707037036
文德,2026-04-01,6203,6339.86946995092
文德,2026-04-02,6909,6355.777868696013
文德,2026-04-03,3824,4209.536007414046
文德,2026-04-04,3388,4269.947830221316
文德,2026-04-05,3358,3011.2450926842525
文德,2026-04-06,3084,3163.88776292312
文德,2026-04-07,6494,6177.008621068823
文德,2026-04-08,6686,6421.713179071723
文德,2026-04-09,6579,6662.05653749046
文德,2026-04-10,7313,6733.416689210509
文德,2026-04-11,4426,4465.794207303825
文德,2026-04-12,3824,3559.243776216407
文德,2026-04-13,6365,6150.124850896829
文德,2026-04-14,6563,6455.650493651157
文德,2026-04-15,6613,6485.299080550397
文德,2026-04-16,6617,6503.893685230868
文德,2026-04-17,6845,6967.913041957848
文德,2026-04-18,5107,4334.821249793207
文德,2026-04-19,3853,4008.732067236549
文德,2026-04-20,6198,6122.476405073508
文德,2026-04-21,6451,6364.266282427605
文德,2026-04-22,6688,6431.865503351529
文德,2026-04-23,6350,6576.40062693473
文德,2026-04-24,7381,6697.084487917579
文德,2026-04-25,4254,4898.9573761515785
文德,2026-04-26,3717,3361.818183843315
文德,2026-04-27,6294,6173.195117330693
文德,2026-04-28,6533,6394.892501792859
文德,2026-04-29,6610,6502.223523144263
文德,2026-04-30,7220,6448.361483014009
文德,2026-05-01,4146,4496.939539582245
文德,2026-05-02,4240,4295.713150899232
文德,2026-05-03,3246,3537.4532061448904
文德,2026-05-04,6253,5906.49395365045
文德,2026-05-05,6421,6456.264212492146
文德,2026-05-06,6729,6408.244730808123
文德,2026-05-07,6703,6756.032789937594
文德,2026-05-08,7007,6859.501080826828
文德,2026-05-09,4190,4435.115232086537
文德,2026-05-10,3617,3364.7064344768964
文德,2026-05-11,6278,6184.934719054526
文德,2026-05-12,6381,6380.861058646793
文德,2026-05-13,6223,6448.553536271892
文德,2026-05-14,6273,6350.265776918696
文德,2026-05-15,7319,6761.373069686976
文德,2026-05-16,5181,4613.725560446273
文德,2026-05-17,4425,3954.682474157047
文德,2026-05-18,6096,6469.120396410946
文德,2026-05-19,6455,6200.235954316164
文德,2026-05-20,6343,6421.108689315226
文德,2026-05-21,6301,6359.147209673802
文德,2026-05-22,6830,6887.537921051945
文德,2026-05-23,4672,4529.240432351295
文德,2026-05-24,3441,3825.946752709698
文德,2026-05-25,6090,5860.019850453062
文德,2026-05-26,6228,6382.423895887842
文德,2026-05-27,6402,6270.947711775585
文德,2026-05-28,6261,6424.773694147155
文德,2026-05-29,6763,6740.336699695165
文德,2026-05-30,4352,4456.295111088351
文德,2026-05-31,3629,3478.335193782366
新北投,2026-01-01,6464,6479.858013771917
新北投,2026-01-02,7718,7211.621964194594
新北投,2026-01-03,7364,7198.2856692858895
新北投,2026-01-04,6647,6853.147154824629
新北投,2026-01-05,5368,5898.171909346856
新北投,2026-01-06,6381,6399.277224145657
新北投,2026-01-07,6246,6278.5536393604925
新北投,2026-01-08,6448,6308.559980868538
新北投,2026-01-09,6900,7435.858169075846
新北投,2026-01-10,6760,6683.717837156582
新北投,2026-01-11,6481,6463.78021798551
新北投,2026-01-12,5395,5702.414073651943
新北投,2026-01-13,6347,6435.117885191499
新北投,2026-01-14,6065,6227.723315234622
新北投,2026-01-15,6473,6223.606886055382
新北投,2026-01-16,6969,7352.347532583961
新北投,2026-01-17,6747,6747.555997594942
新北投,2026-01-18,6607,6451.768769776663
新北投,2026-01-19,5286,5705.872894644198
新北投,2026-01-20,6776,6339.995605930346
新北投,2026-01-21,6340,6473.314663323427
新北投,2026-01-22,6880,6441.782053820589
新北投,2026-01-23,7173,7510.259569292943
新北投,2026-01-24,6600,6865.76442683898
新北投,2026-01-25,6642,6384.375180774831
新北投,2026-01-26,5781,5636.791324586099
新北投,2026-01-27,6474,6750.49876030396
新北投,2026-01-28,6120,6227.464564690254
新北投,2026-01-29,6578,6412.91373878207
新北投,2026-01-30,6924,7241.753301845707
新北投,2026-01-31,6206,6658.2755604736
新北投,2026-02-01,5666,6198.330069206282
新北投,2026-02-02,5069,5044.031910153346
新北投,2026-02-03,6254,6276.587948692316
新北投,2026-02-04,6118,6084.151219393836
新北投,2026-02-05,6110,6463.6918056416125
新北投,2026-02-06,6653,6863.415745443618
新北投,2026-02-07,6103,6397.077789609658
新北投,2026-02-08,5956,6030.851125643779
新北投,2026-02-09,4702,5243.226117458258
新北投,2026-02-10,5312,6017.585298189748
新北投,2026-02-11,4831,5496.141296112754
新北投,2026-02-12,5338,5594.655916087562
新北投,2026-02-13,5130,6359.5328583863375
新北投,2026-02-14,5398,5367.554314089267
新北投,2026-02-15,4532,5604.038400133309
新北投,2026-02-16,3112,4886.621044479157
新北投,2026-02-17,5929,5123.436528184157
新北投,2026-02-18,7584,6064.71774242478
新北投,2026-02-19,8742,7536.328720100365
新北投,2026-02-20,8649,7925.683296241868
新北投,2026-02-21,8129,7446.015741847975
新北投,2026-02-22,6188,7009.820708417096
新北投,2026-02-23,5265,4805.6768726021
新北投,2026-02-24,5913,6382.374247195461
新北投,2026-02-25,5669,6034.871622956822
新北投,2026-02-26,6496,6306.941166030852
新北投,2026-02-27,6615,7079.224798209733
新北投,2026-02-28,7053,6340.447012567467
新北投,2026-03-01,5378,6187.316820056632
新北投,2026-03-02,5095,4381.243734220211
新北投,2026-03-03,5600,6216.966288744923
新北投,2026-03-04,5689,5791.484538892813
新北投,2026-03-05,6188,6398.698815379082
新北投,2026-03-06,6795,6650.622332216809
新北投,2026-03-07,7675,6730.761802349705
新北投,2026-03-08,6213,6382.557428432585
新北投,2026-03-09,5377,5063.276767811927
新北投,2026-03-10,6383,6223.954221471169
新北投,2026-03-11,6472,6256.546436999586
新北投,2026-03-12,6548,6832.316690075334
新北投,2026-03-13,7357,6875.889638097476
新北投,2026-03-14,7090,7301.57153692691
新北投,2026-03-15,6484,5930.841895428964
新北投,2026-03-16,5414,5344.658444088184
新北投,2026-03-17,6465,6257.758397749619
新北投,2026-03-18,6250,6353.577073379445
新北投,2026-03-19,6444,6619.621807085087
新北投,2026-03-20,7131,6925.344998067621
新北投,2026-03-21,7027,7133.252930525417
新北投,2026-03-22,6488,6015.562242534841
新北投,2026-03-23,5384,5370.570559767686
新北投,2026-03-24,5919,6286.996951765132
新北投,2026-03-25,5856,5984.75011036859
新北投,2026-03-26,6035,6341.801439738295
新北投,2026-03-27,6332,6730.207197259314
新北投,2026-03-28,6149,6604.277997086908
新北投,2026-03-29,5300,5593.254399400368
新北投,2026-03-30,5200,4639.923269738314
新北投,2026-03-31,6009,6135.650891038588
新北投,2026-04-01,5435,6016.869403284851
新北投,2026-04-02,6213,5996.278418107636
新北投,2026-04-03,5542,6922.705674383294
新北投,2026-04-04,5745,5893.072674632581
新北投,2026-04-05,6063,5314.470039496268
新北投,2026-04-06,4228,5411.200285907341
新北投,2026-04-07,5621,5350.677882994774
新北投,2026-04-08,5762,5681.196976903851
新北投,2026-04-09,6049,6259.8308259745645
新北投,2026-04-10,6350,6351.051130372072
新北投,2026-04-11,6203,6472.084316087338
新北投,2026-04-12,5331,5729.678937761207
新北投,2026-04-13,4971,4534.84561895874
新北投,2026-04-14,5759,6007.516619831682
新北投,2026-04-15,5501,5740.156640352238
新北投,2026-04-16,6158,6047.376577694051
新北投,2026-04-17,6037,6401.509153736653
新北投,2026-04-18,5988,6204.078290102675
新北投,2026-04-19,5408,5532.799237587962
新北投,2026-04-20,4894,4660.770177905237
新北投,2026-04-21,5654,5906.418021892377
新北投,2026-04-22,5450,5625.638794946633
新北投,2026-04-23,5757,6037.605251499039
新北投,2026-04-24,6299,6066.126910582658
新北投,2026-04-25,5790,6335.376763732595
新北投,2026-04-26,5936,5358.1251682846105
新北投,2026-04-27,4985,5070.281284873377
新北投,2026-04-28,5659,5884.330810532753
新北投,2026-04-29,5386,5583.212981996168
新北投,2026-04-30,6260,5937.797878447945
新北投,2026-05-01,6582,6579.684619148656
新北投,2026-05-02,6417,6282.874333290379
新北投,2026-05-03,5451,5881.583399691566
新北投,2026-05-04,5307,4720.287795856937
新北投,2026-05-05,5851,6057.384351733127
新北投,2026-05-06,5528,5647.246751473503
新北投,2026-05-07,5624,6086.820723126483
新北投,2026-05-08,5955,6026.250008707861
新北投,2026-05-09,5561,6013.067546276206
新北投,2026-05-10,5099,5265.222579187716
新北投,2026-05-11,4942,4650.079021081152
新北投,2026-05-12,5667,5783.803992164393
新北投,2026-05-13,5849,5511.566663002599
新北投,2026-05-14,5539,6206.583798174475
新北投,2026-05-15,6142,5943.381564970794
新北投,2026-05-16,6278,6042.58016422651
新北投,2026-05-17,5398,5674.620695349662
新北投,2026-05-18,4778,4892.543480128439
新北投,2026-05-19,5449,5638.581322220426
新北投,2026-05-20,5335,5448.583036732965
新北投,2026-05-21,5505,5727.547319975033
新北投,2026-05-22,5908,5982.0008384856565
新北投,2026-05-23,5631,5933.121273446545
新北投,2026-05-24,5146,5202.649894367704
新北投,2026-05-25,4749,4734.940624880026
新北投,2026-05-26,5366,5584.363404609943
新北投,2026-05-27,4999,5378.349218548101
新北投,2026-05-28,5193,5451.375438291725
新北投,2026-05-29,6149,5781.49724119617
新北投,2026-05-30,5997,6039.298343667099
新北投,2026-05-31,5433,5410.787496935588
新北產業園區,2026-01-01,1116,1003.4858942001368
新北產業園區,2026-01-02,1966,2242.468555447853
新北產業園區,2026-01-03,1322,1394.2730963226966
新北產業園區,2026-01-04,1082,1112.7440884135056
新北產業園區,2026-01-05,1902,1861.921549549314
新北產業園區,2026-01-06,1936,1974.3494553164885
新北產業園區,2026-01-07,1979,1988.1014384066532
新北產業園區,2026-01-08,1894,2036.752991443968
新北產業園區,2026-01-09,2263,1946.80225920796
新北產業園區,2026-01-10,1325,1425.6742418037768
新北產業園區,2026-01-11,1362,1129.9416575996067
新北產業園區,2026-01-12,1913,2023.0174731150205
新北產業園區,2026-01-13,1970,2034.540500214952
新北產業園區,2026-01-14,2016,2034.4510315566888
新北產業園區,2026-01-15,2056,2039.647070280832
新北產業園區,2026-01-16,2126,2129.5944421271856
新北產業園區,2026-01-17,1435,1376.2469683246352
新北產業園區,2026-01-18,1166,1233.0412091877763
新北產業園區,2026-01-19,2094,1915.5672719612733
新北產業園區,2026-01-20,2158,2075.1125857042325
新北產業園區,2026-01-21,2157,2149.5998828370352
新北產業園區,2026-01-22,2222,2169.6350260623617
新北產業園區,2026-01-23,2322,2262.812992098747
新北產業園區,2026-01-24,1575,1552.3682351067744
新北產業園區,2026-01-25,1227,1354.2180369419273
新北產業園區,2026-01-26,1949,2054.986736956735
新北產業園區,2026-01-27,2049,2064.7985741598336
新北產業園區,2026-01-28,2288,2082.6046369832447
新北產業園區,2026-01-29,2046,2218.1530003702874
新北產業園區,2026-01-30,2368,2204.580044530029
新北產業園區,2026-01-31,1558,1548.2095813424069
新北產業園區,2026-02-01,1228,1310.5718938616644
新北產業園區,2026-02-02,1934,2020.8857316551807
新北產業園區,2026-02-03,2142,2049.9086164336272
新北產業園區,2026-02-04,2113,2176.662591299117
新北產業園區,2026-02-05,2009,2104.734760211643
新北產業園區,2026-02-06,2301,2195.4722978827963
新北產業園區,2026-02-07,1621,1494.7771675494494
新北產業園區,2026-02-08,1116,1298.861085116412
新北產業園區,2026-02-09,2070,1947.2043059602904
新北產業園區,2026-02-10,2100,2118.2973875705216
新北產業園區,2026-02-11,2154,2156.5427696791653
新北產業園區,2026-02-12,2034,2103.174803009021
新北產業園區,2026-02-13,2020,2241.177579524592
新北產業園區,2026-02-14,960,1394.0976985101722
新北產業園區,2026-02-15,791,862.3859335595489
新北產業園區,2026-02-16,816,546.8574380081607
新北產業園區,2026-02-17,857,788.2672562451576
新北產業園區,2026-02-18,996,885.9003226064096
新北產業園區,2026-02-19,1019,882.751675104801
新北產業園區,2026-02-20,1141,1049.2335387974415
新北產業園區,2026-02-21,1261,1405.3964481418368
新北產業園區,2026-02-22,1061,1052.6959927789978
新北產業園區,2026-02-23,1886,1935.3047689080795
新北產業園區,2026-02-24,2012,1988.623933007275
新北產業園區,2026-02-25,2042,2077.676165915467
新北產業園區,2026-02-26,2164,2018.7600946272407
新北產業園區,2026-02-27,1358,1102.5464377885255
新北產業園區,2026-02-28,1440,1496.5789867924984
新北產業園區,2026-03-01,1024,1199.7094902145302
新北產業園區,2026-03-02,1916,1964.0250551454635
新北產業園區,2026-03-03,1999,2028.4782518065235
新北產業園區,2026-03-04,2051,2076.0580031049803
新北產業園區,2026-03-05,2058,2061.813546317424
新北產業園區,2026-03-06,2176,2243.242197084308
新北產業園區,2026-03-07,1592,1306.4431684023882
新北產業園區,2026-03-08,1294,1153.5586783971655
新北產業園區,2026-03-09,1991,2087.89470857995
新北產業園區,2026-03-10,2219,2118.292534473564
新北產業園區,2026-03-11,2200,2224.2495702144447
新北產業園區,2026-03-12,2076,2201.944078772646
新北產業園區,2026-03-13,2129,2295.0596783963456
新北產業園區,2026-03-14,1529,1387.164969143669
新北產業園區,2026-03-15,1206,1163.099968310625
新北產業園區,2026-03-16,1925,2007.430794662759
新北產業園區,2026-03-17,2117,2085.618829385456
新北產業園區,2026-03-18,2052,2141.310730974923
新北產業園區,2026-03-19,2048,2061.612260078872
新北產業園區,2026-03-20,2231,2192.112252473909
新北產業園區,2026-03-21,1587,1442.8635171560595
新北產業園區,2026-03-22,1206,1211.8279507081518
新北產業園區,2026-03-23,1946,2005.679885134606
新北產業園區,2026-03-24,2044,2110.4689455547486
新北產業園區,2026-03-25,2043,2090.5142839547284
新北產業園區,2026-03-26,2044,2042.7247355128345
新北產業園區,2026-03-27,2159,2194.576499290989
新北產業園區,2026-03-28,1391,1436.463132329446
新北產業園區,2026-03-29,1002,1092.983525065007
新北產業園區,2026-03-30,1989,1837.439001375176
新北產業園區,2026-03-31,2023,2046.8377116597676
新北產業園區,2026-04-01,2095,2048.717364932929
新北產業園區,2026-04-02,2122,2055.758376878532
新北產業園區,2026-04-03,1137,1102.506535070109
新北產業園區,2026-04-04,1212,1496.0166167245718
新北產業園區,2026-04-05,1002,1012.1570612175176
新北產業園區,2026-04-06,1000,723.2260554335501
新北產業園區,2026-04-07,2132,2100.298710374754
新北產業園區,2026-04-08,2090,2141.8312156664265
新北產業園區,2026-04-09,2099,2105.52932971147
新北產業園區,2026-04-10,2149,2242.1791820345225
新北產業園區,2026-04-11,1341,1368.3837823775873
新北產業園區,2026-04-12,1114,1050.805590021021
新北產業園區,2026-04-13,2130,1992.250105582291
新北產業園區,2026-04-14,2035,2142.586838156001
新北產業園區,2026-04-15,2051,2094.268173502456
新北產業園區,2026-04-16,2001,2068.3300899338387
新北產業園區,2026-04-17,2150,2153.596324030258
新北產業園區,2026-04-18,1372,1337.3876608433172
新北產業園區,2026-04-19,1244,1070.0838566070236
新北產業園區,2026-04-20,1990,2089.964367216942
新北產業園區,2026-04-21,2041,2074.1068143834173
新北產業園區,2026-04-22,2034,2069.0225686859326
新北產業園區,2026-04-23,2078,2036.263275115481
新北產業園區,2026-04-24,2253,2186.0837678802054
新北產業園區,2026-04-25,1336,1412.6510038908443
新北產業園區,2026-04-26,1173,1123.914279945577
新北產業園區,2026-04-27,1900,2031.94627915201
新北產業園區,2026-04-28,2093,2008.228653771007
新北產業園區,2026-04-29,2028,2061.0005417117973
新北產業園區,2026-04-30,2272,2044.7218254604084
新北產業園區,2026-05-01,1244,1172.002276670397
新北產業園區,2026-05-02,1258,1495.3066455396386
新北產業園區,2026-05-03,1004,1139.668867569633
新北產業園區,2026-05-04,2017,1917.513799314013
新北產業園區,2026-05-05,2170,2052.523948871224
新北產業園區,2026-05-06,2088,2101.986213887876
新北產業園區,2026-05-07,2143,2153.022469132547
新北產業園區,2026-05-08,2119,2274.452927428823
新北產業園區,2026-05-09,1205,1290.8039314974142
新北產業園區,2026-05-10,1021,1013.713360180412
新北產業園區,2026-05-11,1944,1912.677809242667
新北產業園區,2026-05-12,2151,2030.0616835874976
新北產業園區,2026-05-13,2107,2066.935078856552
新北產業園區,2026-05-14,2002,2142.802407348488
新北產業園區,2026-05-15,2269,2161.286866685786
新北產業園區,2026-05-16,1748,1315.9369976411988
新北產業園區,2026-05-17,1355,1310.4062103063725
新北產業園區,2026-05-18,1929,2216.9849100320225
新北產業園區,2026-05-19,2027,2182.668652757886
新北產業園區,2026-05-20,2023,2069.3486621261377
新北產業園區,2026-05-21,2024,2061.698297729168
新北產業園區,2026-05-22,2100,2181.332753202843
新北產業園區,2026-05-23,1451,1336.414077556146
新北產業園區,2026-05-24,1179,1132.3469775194442
新北產業園區,2026-05-25,1934,1971.9354788094752
新北產業園區,2026-05-26,2027,2068.347623823799
新北產業園區,2026-05-27,2029,2024.7020781053716
新北產業園區,2026-05-28,2092,2042.8816131817384
新北產業園區,2026-05-29,2286,2188.7633643042977
新北產業園區,2026-05-30,1521,1465.9691749892625
新北產業園區,2026-05-31,1287,1225.8655028458727
新埔,2026-01-01,23748,26524.45146477108
新埔,2026-01-02,40307,42648.17827100575
新埔,2026-01-03,30597,32250.908516106163
新埔,2026-01-04,24495,26039.6229055974
新埔,2026-01-05,40162,39253.46632186607
新埔,2026-01-06,41124,42294.16938888969
新埔,2026-01-07,41354,42366.11946954722
新埔,2026-01-08,41209,41079.99820274289
新埔,2026-01-09,43832,42463.75172541119
新埔,2026-01-10,33427,33110.357808096625
新埔,2026-01-11,26282,26543.368982963544
新埔,2026-01-12,37903,40335.68044340768
新埔,2026-01-13,39939,40801.8803446704
新埔,2026-01-14,40202,41543.773598174055
新埔,2026-01-15,39716,40421.89292331189
新埔,2026-01-16,41992,42125.51931447749
新埔,2026-01-17,32651,32331.19709357465
新埔,2026-01-18,26192,26083.72607631647
新埔,2026-01-19,37744,39590.23330023301
新埔,2026-01-20,39951,40349.84271616148
新埔,2026-01-21,38873,41045.50065093749
新埔,2026-01-22,39180,39621.73931460604
新埔,2026-01-23,42019,42048.45832044667
新埔,2026-01-24,33082,32511.11639838213
新埔,2026-01-25,27052,26304.039582661957
新埔,2026-01-26,38067,39142.7100410752
新埔,2026-01-27,39162,40260.00032338589
新埔,2026-01-28,39185,39858.31368800132
新埔,2026-01-29,40168,39602.9739689561
新埔,2026-01-30,41992,42437.08209267929
新埔,2026-01-31,33306,32653.473815016958
新埔,2026-02-01,26301,26669.852387162176
新埔,2026-02-02,37606,38306.71914177206
新埔,2026-02-03,39788,39709.20433693526
新埔,2026-02-04,40424,39776.25272464954
新埔,2026-02-05,40544,40284.96551995557
新埔,2026-02-06,42724,42396.35378177701
新埔,2026-02-07,33987,33232.2419583555
新埔,2026-02-08,27788,26878.72898967589
新埔,2026-02-09,38840,38646.18650623487
新埔,2026-02-10,40812,40127.66795230104
新埔,2026-02-11,40194,40359.02428712739
新埔,2026-02-12,40700,40264.01886603233
新埔,2026-02-13,40898,42557.90880524342
新埔,2026-02-14,28049,32685.56204862381
新埔,2026-02-15,21556,24542.929872433047
新埔,2026-02-16,14035,13984.377089960772
新埔,2026-02-17,19867,17319.02279826431
新埔,2026-02-18,20079,18862.887360415345
新埔,2026-02-19,21433,19103.42571825093
新埔,2026-02-20,22988,27445.478513472222
新埔,2026-02-21,25810,30110.54262724965
新埔,2026-02-22,23283,22763.634351200093
新埔,2026-02-23,37278,37090.04258150359
新埔,2026-02-24,39018,40753.90460752743
新埔,2026-02-25,40288,39988.77803878517
新埔,2026-02-26,41319,41359.74274657798
新埔,2026-02-27,31051,24892.000430877066
新埔,2026-02-28,30302,32100.23456602613
新埔,2026-03-01,24645,24240.94382263849
新埔,2026-03-02,40400,37574.67493573496
新埔,2026-03-03,40569,41755.65921777954
新埔,2026-03-04,41135,40722.37923847382
新埔,2026-03-05,41795,41852.60992938277
新埔,2026-03-06,43489,42551.796572855805
新埔,2026-03-07,33706,29643.836773311054
新埔,2026-03-08,26436,26195.92000366552
新埔,2026-03-09,39976,39110.9246442392
新埔,2026-03-10,41338,40929.15862871562
新埔,2026-03-11,42543,41254.11969258505
新埔,2026-03-12,41988,42399.39918289615
新埔,2026-03-13,44108,43424.08964415532
新埔,2026-03-14,35315,31146.932308124884
新埔,2026-03-15,27813,26995.91403725572
新埔,2026-03-16,39900,40164.83346002092
新埔,2026-03-17,41452,40883.06032436826
新埔,2026-03-18,42002,41774.866743362334
新埔,2026-03-19,41151,42008.26741481536
新埔,2026-03-20,44223,43309.42907271539
新埔,2026-03-21,33845,32961.22538059186
新埔,2026-03-22,27716,26599.467717200907
新埔,2026-03-23,39904,40163.31749727393
新埔,2026-03-24,41289,41109.561291155
新埔,2026-03-25,41710,41878.14800500737
新埔,2026-03-26,41139,41569.44503655952
新埔,2026-03-27,42777,43674.92736295384
新埔,2026-03-28,32742,32893.119225748174
新埔,2026-03-29,25634,26613.09929871999
新埔,2026-03-30,39698,39156.26524736799
新埔,2026-03-31,38990,41230.05356511277
新埔,2026-04-01,38845,40779.86949601743
新埔,2026-04-02,40412,40190.38360921879
新埔,2026-04-03,27803,27454.2613950173
新埔,2026-04-04,24703,33284.28881813136
新埔,2026-04-05,23684,22664.34839570221
新埔,2026-04-06,22497,23087.482096701355
新埔,2026-04-07,39927,39924.97536230618
新埔,2026-04-08,41069,40630.20872126072
新埔,2026-04-09,41226,41184.77972145594
新埔,2026-04-10,43702,43548.49467205516
新埔,2026-04-11,33399,30457.76716389636
新埔,2026-04-12,27224,26866.070638797803
新埔,2026-04-13,39585,39861.71802929579
新埔,2026-04-14,40900,40179.288775339206
新埔,2026-04-15,41480,41003.31903745806
新埔,2026-04-16,40919,41357.92316432815
新埔,2026-04-17,42941,43480.56494336661
新埔,2026-04-18,32448,30390.04807815859
新埔,2026-04-19,26624,26687.54838875397
新埔,2026-04-20,39871,39492.88147982649
新埔,2026-04-21,41175,40597.58114159176
新埔,2026-04-22,41409,41320.55757052133
新埔,2026-04-23,40743,41168.88731937978
新埔,2026-04-24,42899,43236.98302821838
新埔,2026-04-25,33480,31385.939545238874
新埔,2026-04-26,28294,27155.60077405226
新埔,2026-04-27,40088,40301.34205830032
新埔,2026-04-28,41579,40853.64674141084
新埔,2026-04-29,41762,41564.81724144986
新埔,2026-04-30,43470,41130.21578682631
新埔,2026-05-01,30829,28492.22422761439
新埔,2026-05-02,29909,33751.177190090515
新埔,2026-05-03,25415,25699.333765436368
新埔,2026-05-04,40008,39185.33660452501
新埔,2026-05-05,41030,41233.21890934661
新埔,2026-05-06,42331,41370.11016322135
新埔,2026-05-07,41490,42160.11548016347
新埔,2026-05-08,43688,44110.80302077928
新埔,2026-05-09,33117,31421.48641531521
新埔,2026-05-10,25607,27317.21241985218
新埔,2026-05-11,39741,39315.75541928325
新埔,2026-05-12,40793,41114.84225271493
新埔,2026-05-13,40608,41607.09944202409
新埔,2026-05-14,40306,41364.71880175558
新埔,2026-05-15,43749,43726.88433552882
新埔,2026-05-16,34150,31725.19235535268
新埔,2026-05-17,28429,27180.23191219768
新埔,2026-05-18,39668,40752.41542033261
新埔,2026-05-19,40938,40796.56513363828
新埔,2026-05-20,41753,41446.55892640121
新埔,2026-05-21,41005,41447.39641905328
新埔,2026-05-22,42943,43928.59357970188
新埔,2026-05-23,34176,32303.59748308817
新埔,2026-05-24,27164,27515.806608885137
新埔,2026-05-25,39475,39838.94977149176
新埔,2026-05-26,41036,40805.62743414293
新埔,2026-05-27,40877,41501.45836374792
新埔,2026-05-28,40610,40819.75694712282
新埔,2026-05-29,42542,43485.68883644549
新埔,2026-05-30,33503,32930.069085591575
新埔,2026-05-31,27082,27235.034494368792
新埔民生,2026-01-01,486,634.6040408864185
新埔民生,2026-01-02,801,780.7803345407546
新埔民生,2026-01-03,596,658.3221230865952
新埔民生,2026-01-04,479,461.6538152069268
新埔民生,2026-01-05,687,695.8621752327335
新埔民生,2026-01-06,718,731.3392503369249
新埔民生,2026-01-07,734,754.7917039771871
新埔民生,2026-01-08,719,705.3514558663367
新埔民生,2026-01-09,751,760.5494752033612
新埔民生,2026-01-10,624,603.1783302660828
新埔民生,2026-01-11,552,470.983310694839
新埔民生,2026-01-12,648,740.4699625041276
新埔民生,2026-01-13,680,718.8959684326832
新埔民生,2026-01-14,725,722.3988206026411
新埔民生,2026-01-15,705,695.3257831879195
新埔民生,2026-01-16,764,744.6598184170591
新埔民生,2026-01-17,653,612.5991941816143
新埔民生,2026-01-18,535,510.8561992069707
新埔民生,2026-01-19,602,712.626522830388
新埔民生,2026-01-20,680,678.9104900497478
新埔民生,2026-01-21,609,713.4147105087457
新埔民生,2026-01-22,636,622.0722982122101
新埔民生,2026-01-23,663,682.051120194472
新埔民生,2026-01-24,647,537.80527219134
新埔民生,2026-01-25,554,485.37209447085024
新埔民生,2026-01-26,661,686.7485448779119
新埔民生,2026-01-27,646,716.8377166624862
新埔民生,2026-01-28,655,677.7020835071364
新埔民生,2026-01-29,649,651.3586585048786
新埔民生,2026-01-30,689,693.5696607839458
新埔民生,2026-01-31,635,586.940595618367
新埔民生,2026-02-01,437,502.1723618670144
新埔民生,2026-02-02,626,607.4714592231236
新埔民生,2026-02-03,645,653.2532240016825
新埔民生,2026-02-04,660,657.1072686402273
新埔民生,2026-02-05,624,648.8505676678311
新埔民生,2026-02-06,758,676.2852099023488
新埔民生,2026-02-07,651,636.4888214456698
新埔民生,2026-02-08,531,507.4912965778332
新埔民生,2026-02-09,638,678.2570959074219
新埔民生,2026-02-10,716,680.3265823105194
新埔民生,2026-02-11,633,711.6487654708747
新埔民生,2026-02-12,689,643.0195077594819
新埔民生,2026-02-13,722,737.8700045019724
新埔民生,2026-02-14,519,630.6117931648414
新埔民生,2026-02-15,399,428.2885293354235
新埔民生,2026-02-16,306,309.95327163613706
新埔民生,2026-02-17,318,353.4086436168403
新埔民生,2026-02-18,382,321.43839042992124
新埔民生,2026-02-19,433,365.47878877092046
新埔民生,2026-02-20,526,497.8106176734776
新埔民生,2026-02-21,667,609.3397358381087
新埔民生,2026-02-22,606,515.5444396301075
新埔民生,2026-02-23,679,717.0077721162647
新埔民生,2026-02-24,705,722.0049058520693
新埔民生,2026-02-25,793,714.0532855445701
新埔民生,2026-02-26,861,773.9169557600222
新埔民生,2026-02-27,781,664.0929000218022
新埔民生,2026-02-28,877,835.3460226635495
新埔民生,2026-03-01,671,738.0708800902687
新埔民生,2026-03-02,822,812.4273363051793
新埔民生,2026-03-03,834,841.1907158285429
新埔民生,2026-03-04,810,854.3123941149606
新埔民生,2026-03-05,848,845.2871043452523
新埔民生,2026-03-06,918,918.6618214826026
新埔民生,2026-03-07,905,798.1513926552082
新埔民生,2026-03-08,760,722.7013103796497
新埔民生,2026-03-09,797,871.373473645177
新埔民生,2026-03-10,785,842.0276991683291
新埔民生,2026-03-11,741,812.8477712065796
新埔民生,2026-03-12,837,792.7786207975571
新埔民生,2026-03-13,839,893.972493528201
新埔民生,2026-03-14,721,768.0048100165445
新埔民生,2026-03-15,560,599.0694863291917
新埔民生,2026-03-16,806,684.2783215689016
新埔民生,2026-03-17,814,778.8433009139778
新埔民生,2026-03-18,815,797.1759766207955
新埔民生,2026-03-19,819,851.0263812201913
新埔民生,2026-03-20,848,883.9378813472966
新埔民生,2026-03-21,769,762.4059980007324
新埔民生,2026-03-22,592,621.1755537224684
新埔民生,2026-03-23,789,746.0301037120981
新埔民生,2026-03-24,798,787.2811920937671
新埔民生,2026-03-25,821,791.8196746780942
新埔民生,2026-03-26,826,843.0911386278027
新埔民生,2026-03-27,814,879.5930126938753
新埔民生,2026-03-28,731,744.528215655326
新埔民生,2026-03-29,540,583.8068193125382
新埔民生,2026-03-30,738,714.0989282504279
新埔民生,2026-03-31,721,744.3024446327726
新埔民生,2026-04-01,748,736.3133992980344
新埔民生,2026-04-02,674,772.970957234186
新埔民生,2026-04-03,598,529.7031465049932
新埔民生,2026-04-04,469,704.1398014507619
新埔民生,2026-04-05,443,397.1364068433461
新埔民生,2026-04-06,438,385.4659222530133
新埔民生,2026-04-07,701,648.5509218813398
新埔民生,2026-04-08,811,697.622100709846
新埔民生,2026-04-09,780,773.844303167326
新埔民生,2026-04-10,817,839.1290916071639
新埔民生,2026-04-11,699,669.7282861976971
新埔民生,2026-04-12,545,560.9565569657756
新埔民生,2026-04-13,818,728.6421965187781
新埔民生,2026-04-14,779,800.3060087725357
新埔民生,2026-04-15,850,819.8455757513407
新埔民生,2026-04-16,825,830.4924013805414
新埔民生,2026-04-17,851,878.9210794955544
新埔民生,2026-04-18,705,714.4107841516859
新埔民生,2026-04-19,542,572.0657135428872
新埔民生,2026-04-20,810,754.2024511635157
新埔民生,2026-04-21,787,790.6241467084707
新埔民生,2026-04-22,779,830.6455482526429
新埔民生,2026-04-23,783,785.8918951153794
新埔民生,2026-04-24,863,831.7256438809815
新埔民生,2026-04-25,690,706.3818531245664
新埔民生,2026-04-26,629,553.3479445866345
新埔民生,2026-04-27,798,818.7069027846342
新埔民生,2026-04-28,798,798.7186662039953
新埔民生,2026-04-29,841,827.108034632143
新埔民生,2026-04-30,859,827.0863140990382
新埔民生,2026-05-01,661,683.7817413349856
新埔民生,2026-05-02,592,731.4189956693056
新埔民生,2026-05-03,504,520.9165906415756
新埔民生,2026-05-04,819,718.2794332372434
新埔民生,2026-05-05,875,781.0151378945441
新埔民生,2026-05-06,855,873.3577500711206
新埔民生,2026-05-07,786,857.6896131059623
新埔民生,2026-05-08,847,856.5517761969907
新埔民生,2026-05-09,669,664.2192835340132
新埔民生,2026-05-10,509,554.0682905923072
新埔民生,2026-05-11,812,759.3533347281324
新埔民生,2026-05-12,801,805.5096710354335
新埔民生,2026-05-13,806,822.5608358328084
新埔民生,2026-05-14,754,793.7833929652198
新埔民生,2026-05-15,834,819.5277065821567
新埔民生,2026-05-16,738,646.8013138033588
新埔民生,2026-05-17,623,579.5618235254564
新埔民生,2026-05-18,762,855.397591553708
新埔民生,2026-05-19,843,799.5158355786149
新埔民生,2026-05-20,826,843.2793227888952
新埔民生,2026-05-21,817,804.5565222921863
新埔民生,2026-05-22,852,869.2668833841183
新埔民生,2026-05-23,704,696.0966782867143
新埔民生,2026-05-24,503,578.0319952713701
新埔民生,2026-05-25,764,752.2347247296802
新埔民生,2026-05-26,785,786.266113227922
新埔民生,2026-05-27,769,794.8568855781787
新埔民生,2026-05-28,834,758.0438151731217
新埔民生,2026-05-29,873,859.3043725681845
新埔民生,2026-05-30,738,708.9905384591823
新埔民生,2026-05-31,526,583.6474161493078
新店,2026-01-01,8006,10224.453863569075
新店,2026-01-02,12549,11826.072290947272
新店,2026-01-03,10892,10967.912328604662
新店,2026-01-04,10811,9858.735295896842
新店,2026-01-05,12483,12571.704118935982
新店,2026-01-06,12230,12714.056107189408
新店,2026-01-07,12423,12282.608487729469
新店,2026-01-08,12579,11883.05620813437
新店,2026-01-09,13591,13405.287701279396
新店,2026-01-10,11497,11611.528803569125
新店,2026-01-11,9718,10307.680992265954
新店,2026-01-12,12120,11858.763896729764
新店,2026-01-13,13038,12394.207833055312
新店,2026-01-14,12879,12851.605871707565
新店,2026-01-15,13045,12557.366495634036
新店,2026-01-16,13424,13566.313571345929
新店,2026-01-17,11634,11538.370211246784
新店,2026-01-18,10649,10148.51205321482
新店,2026-01-19,12215,12355.4938587955
新店,2026-01-20,12590,12608.547895740134
新店,2026-01-21,12025,12638.400355647032
新店,2026-01-22,11985,12185.571109320566
新店,2026-01-23,13333,12977.33387414962
新店,2026-01-24,10324,11530.36786379262
新店,2026-01-25,10884,9643.96606850016
新店,2026-01-26,12466,12413.99480164656
新店,2026-01-27,12248,12658.05016782298
新店,2026-01-28,12470,12354.598043864138
新店,2026-01-29,12987,12304.797533460154
新店,2026-01-30,13535,13550.045473995797
新店,2026-01-31,10574,11401.943036901375
新店,2026-02-01,8450,9939.159161775156
新店,2026-02-02,11508,11228.11691298208
新店,2026-02-03,12777,12102.651527331816
新店,2026-02-04,13289,12713.831991031217
新店,2026-02-05,13305,12848.920302414896
新店,2026-02-06,13379,13662.255409257945
新店,2026-02-07,10339,11321.091379307823
新店,2026-02-08,9073,9392.484668450366
新店,2026-02-09,12114,11583.516000935471
新店,2026-02-10,12681,12573.916101443525
新店,2026-02-11,12432,12766.908997988176
新店,2026-02-12,12721,12425.015706105083
新店,2026-02-13,12399,13317.700013663589
新店,2026-02-14,9569,10781.425098914096
新店,2026-02-15,8299,9112.605613117164
新店,2026-02-16,6093,8937.169898292266
新店,2026-02-17,8244,8360.824482107704
新店,2026-02-18,9513,9266.724665547905
新店,2026-02-19,11677,9793.263791576475
新店,2026-02-20,10903,12363.125702162808
新店,2026-02-21,12222,10680.700335635876
新店,2026-02-22,10584,10344.140327984347
新店,2026-02-23,12206,11806.145090616354
新店,2026-02-24,12513,12516.24775862881
新店,2026-02-25,12795,12626.791066464262
新店,2026-02-26,13549,12885.363327480838
新店,2026-02-27,10239,11991.194634002532
新店,2026-02-28,11031,10801.068580878118
新店,2026-03-01,9348,9907.032294873923
新店,2026-03-02,12388,11605.735571068682
新店,2026-03-03,12067,12617.876026618991
新店,2026-03-04,12349,12410.19105550754
新店,2026-03-05,12868,12546.41121744761
新店,2026-03-06,13455,12991.292779488203
新店,2026-03-07,11540,11551.555624094304
新店,2026-03-08,9947,10043.312034950106
新店,2026-03-09,12254,12045.8176768158
新店,2026-03-10,12206,12452.962313205084
新店,2026-03-11,13221,12443.65543661531
新店,2026-03-12,13176,12919.704184485066
新店,2026-03-13,13955,13472.106326758036
新店,2026-03-14,12365,11744.282223718315
新店,2026-03-15,11260,10501.265860910204
新店,2026-03-16,12611,12638.055923537886
新店,2026-03-17,13446,12651.9154500346
新店,2026-03-18,13301,13203.030402790942
新店,2026-03-19,12996,12947.4293180504
新店,2026-03-20,13758,13450.043224966626
新店,2026-03-21,11872,11752.743981956311
新店,2026-03-22,13295,10416.312509196816
新店,2026-03-23,12747,13603.008982392435
新店,2026-03-24,13092,12901.747137660544
新店,2026-03-25,13179,12950.125719320296
新店,2026-03-26,13287,12856.017349709591
新店,2026-03-27,13069,13587.93583404905
新店,2026-03-28,11409,11355.073096031878
新店,2026-03-29,10343,10619.151797284894
新店,2026-03-30,12624,11981.532156078749
新店,2026-03-31,12938,12786.761366122117
新店,2026-04-01,12475,12889.056117057937
新店,2026-04-02,13711,12573.132672258273
新店,2026-04-03,9959,12199.871206375508
新店,2026-04-04,8592,10518.71405329836
新店,2026-04-05,10195,8806.375158157758
新店,2026-04-06,8643,10674.419488749329
新店,2026-04-07,12074,11525.761215118908
新店,2026-04-08,12456,12356.008493854351
新店,2026-04-09,13432,12716.05647721458
新店,2026-04-10,14252,13169.892861725926
新店,2026-04-11,12608,11565.432514237507
新店,2026-04-12,11268,11025.806663643618
新店,2026-04-13,12639,12228.92138103946
新店,2026-04-14,12996,12858.758270102291
新店,2026-04-15,12849,12874.886215364588
新店,2026-04-16,13055,12891.745083420732
新店,2026-04-17,14213,13462.501149289546
新店,2026-04-18,11855,11970.608050383064
新店,2026-04-19,11789,10522.446353891428
新店,2026-04-20,12698,12802.564989084609
新店,2026-04-21,13022,12841.36175675104
新店,2026-04-22,13311,12877.657328996143
新店,2026-04-23,12693,13040.25135583068
新店,2026-04-24,13177,13328.130987026016
新店,2026-04-25,11467,11343.373534697506
新店,2026-04-26,12117,10504.76678285095
新店,2026-04-27,13023,12932.341790586372
新店,2026-04-28,13529,13007.435580846171
新店,2026-04-29,12957,13209.698716152296
新店,2026-04-30,13152,12764.617952362514
新店,2026-05-01,14719,11965.144399753202
新店,2026-05-02,14962,12853.4399230402
新店,2026-05-03,11268,12363.311674372564
新店,2026-05-04,12047,12534.794086949762
新店,2026-05-05,12368,12592.437042880118
新店,2026-05-06,13695,12536.172945674003
新店,2026-05-07,13510,13239.229921914202
新店,2026-05-08,13670,14101.568147081272
新店,2026-05-09,11475,11976.733599007006
新店,2026-05-10,11189,10215.155773334312
新店,2026-05-11,12825,12401.248888183038
新店,2026-05-12,13162,12869.663770446916
新店,2026-05-13,12638,13162.318512141544
新店,2026-05-14,12272,12721.213731592496
新店,2026-05-15,14210,13072.41276539281
新店,2026-05-16,14175,11893.516685129873
新店,2026-05-17,12912,11831.410938319208
新店,2026-05-18,12933,13388.360724077364
新店,2026-05-19,13055,12991.814015913742
新店,2026-05-20,13414,12875.181944114467
新店,2026-05-21,13097,12985.210266474614
新店,2026-05-22,13954,13689.275771220791
新店,2026-05-23,14146,12201.613865053749
新店,2026-05-24,11854,11908.648178798916
新店,2026-05-25,12650,12737.823018815565
新店,2026-05-26,13000,12830.673408191598
新店,2026-05-27,12960,12989.424296896554
新店,2026-05-28,12848,12829.612379840835
新店,2026-05-29,13419,13474.774261532952
新店,2026-05-30,13545,12011.919471422834
新店,2026-05-31,11458,11452.73855213338
新店區公所,2026-01-01,7030,8207.568274907928
新店區公所,2026-01-02,12491,13037.2075618765
新店區公所,2026-01-03,9004,9563.346618187215
新店區公所,2026-01-04,7767,7783.515021205373
新店區公所,2026-01-05,12312,12233.893025134435
新店區公所,2026-01-06,12439,12712.853148929356
新店區公所,2026-01-07,12733,12813.643927508305
新店區公所,2026-01-08,12773,12638.48404421846
新店區公所,2026-01-09,13350,13436.474312703296
新店區公所,2026-01-10,9969,9844.59083626017
新店區公所,2026-01-11,7957,8164.523173531435
新店區公所,2026-01-12,12317,12287.640953101733
新店區公所,2026-01-13,12532,12679.469534059395
新店區公所,2026-01-14,12751,12839.812523008171
新店區公所,2026-01-15,12688,12736.112052583674
新店區公所,2026-01-16,13367,13427.629587947513
新店區公所,2026-01-17,10377,9903.318392734182
新店區公所,2026-01-18,8249,8303.008622507852
新店區公所,2026-01-19,12360,12397.057494629931
新店區公所,2026-01-20,13126,12692.855703982475
新店區公所,2026-01-21,12463,13070.024180673328
新店區公所,2026-01-22,12410,12606.792755781766
新店區公所,2026-01-23,13585,13320.429271213534
新店區公所,2026-01-24,9713,10045.188578245932
新店區公所,2026-01-25,8492,8042.930288249942
新店區公所,2026-01-26,12379,12493.523056573067
新店區公所,2026-01-27,12445,12760.94325473562
新店區公所,2026-01-28,12610,12730.830456702484
新店區公所,2026-01-29,12833,12650.76972679456
新店區公所,2026-01-30,13877,13523.718442721114
新店區公所,2026-01-31,9855,10087.15718270235
新店區公所,2026-02-01,8042,8155.617052829683
新店區公所,2026-02-02,12257,12301.29011229428
新店區公所,2026-02-03,12978,12652.211021676172
新店區公所,2026-02-04,12912,12967.446230906417
新店區公所,2026-02-05,13049,12800.338381998645
新店區公所,2026-02-06,13609,13633.755848600806
新店區公所,2026-02-07,10010,9968.706735833908
新店區公所,2026-02-08,8081,8178.587995036608
新店區公所,2026-02-09,12469,12317.106243859898
新店區公所,2026-02-10,13210,12793.653229145317
新店區公所,2026-02-11,13005,13061.176021058172
新店區公所,2026-02-12,12883,12854.971660636003
新店區公所,2026-02-13,12888,13540.756863057091
新店區公所,2026-02-14,8528,9704.092355667832
新店區公所,2026-02-15,6674,7588.900328223638
新店區公所,2026-02-16,4945,5168.493508673733
新店區公所,2026-02-17,5743,5856.12657720871
新店區公所,2026-02-18,6660,6107.039027824447
新店區公所,2026-02-19,7187,6336.925440551675
新店區公所,2026-02-20,7279,9186.098372901111
新店區公所,2026-02-21,8375,9165.583568231054
新店區公所,2026-02-22,7733,7432.737785113614
新店區公所,2026-02-23,12275,12179.467374628255
新店區公所,2026-02-24,12497,12710.204664838297
新店區公所,2026-02-25,13068,12847.574128327638
新店區公所,2026-02-26,13465,12974.750245208194
新店區公所,2026-02-27,9586,8858.728274384841
新店區公所,2026-02-28,9457,10063.875325117526
新店區公所,2026-03-01,7920,7934.615713294756
新店區公所,2026-03-02,12408,12268.751955948212
新店區公所,2026-03-03,12392,12740.72445560268
新店區公所,2026-03-04,12696,12797.29882827564
新店區公所,2026-03-05,13032,12834.433697516608
新店區公所,2026-03-06,13728,13541.497195778844
新店區公所,2026-03-07,10238,9849.410694826594
新店區公所,2026-03-08,8404,8233.891603754171
新店區公所,2026-03-09,12571,12465.627104873352
新店區公所,2026-03-10,12654,12772.23585117032
新店區公所,2026-03-11,13201,12871.700792465785
新店區公所,2026-03-12,13008,13022.808126461638
新店區公所,2026-03-13,13771,13513.212573026902
新店區公所,2026-03-14,10627,9955.64751983678
新店區公所,2026-03-15,8569,8408.877954553966
新店區公所,2026-03-16,12497,12531.3524464758
新店區公所,2026-03-17,12852,12749.476688543698
新店區公所,2026-03-18,13089,12996.489565510725
新店區公所,2026-03-19,12848,12959.804987375785
新店區公所,2026-03-20,13804,13467.87592603294
新店區公所,2026-03-21,10540,10030.82174867079
新店區公所,2026-03-22,8626,8382.808315396931
新店區公所,2026-03-23,12581,12543.544073349036
新店區公所,2026-03-24,12771,12803.74368676864
新店區公所,2026-03-25,12974,12954.63080325843
新店區公所,2026-03-26,12994,12901.11708954722
新店區公所,2026-03-27,13463,13550.994459529002
新店區公所,2026-03-28,10372,9912.440743675092
新店區公所,2026-03-29,8342,8338.20459329972
新店區公所,2026-03-30,12422,12438.236644752566
新店區公所,2026-03-31,12739,12733.46956626403
新店區公所,2026-04-01,12749,12938.574835661291
新店區公所,2026-04-02,13415,12830.063432183037
新店區公所,2026-04-03,8826,9046.158346568063
新店區公所,2026-04-04,7556,9931.484096229657
新店區公所,2026-04-05,7527,7201.982366205705
新店區公所,2026-04-06,7070,7495.251757642575
新店區公所,2026-04-07,12469,12460.36253654852
新店區公所,2026-04-08,12900,12813.071061622755
新店區公所,2026-04-09,12936,12958.534058561514
新店區公所,2026-04-10,13632,13472.911484908069
新店區公所,2026-04-11,10260,9681.529313057164
新店區公所,2026-04-12,8367,8314.772876956977
新店區公所,2026-04-13,12328,12394.242823543773
新店區公所,2026-04-14,12670,12698.904586031544
新店區公所,2026-04-15,12853,12909.477633103095
新店區公所,2026-04-16,12799,12898.600170215504
新店區公所,2026-04-17,13210,13452.175666847848
新店區公所,2026-04-18,10746,9730.47413807127
新店區公所,2026-04-19,8707,8498.394778791833
新店區公所,2026-04-20,12337,12543.12845392729
新店區公所,2026-04-21,12737,12695.222862148605
新店區公所,2026-04-22,12768,12924.693689423131
新店區公所,2026-04-23,12608,12850.802402395757
新店區公所,2026-04-24,13544,13338.63933927002
新店區公所,2026-04-25,10183,9963.192904788506
新店區公所,2026-04-26,8855,8291.705921561832
新店區公所,2026-04-27,12530,12588.504035828044
新店區公所,2026-04-28,13062,12777.304729231597
新店區公所,2026-04-29,13156,13036.331429872527
新店區公所,2026-04-30,13636,12978.67401002544
新店區公所,2026-05-01,9968,9141.676402542686
新店區公所,2026-05-02,9663,10339.437138174646
新店區公所,2026-05-03,7880,8129.844943341784
新店區公所,2026-05-04,13124,12211.820214711775
新店區公所,2026-05-05,13096,13055.287580769527
新店區公所,2026-05-06,13449,13068.355227885932
新店區公所,2026-05-07,13180,13190.595218787734
新店區公所,2026-05-08,13855,13687.971668263835
新店區公所,2026-05-09,9746,9942.967182055956
新店區公所,2026-05-10,8115,8103.837991636557
新店區公所,2026-05-11,12620,12419.929633223965
新店區公所,2026-05-12,13012,12839.521202894635
新店區公所,2026-05-13,12904,13079.479824459608
新店區公所,2026-05-14,12436,12933.376628360777
新店區公所,2026-05-15,13808,13365.342783386384
新店區公所,2026-05-16,10337,9948.099086950926
新店區公所,2026-05-17,8836,8353.691613306572
新店區公所,2026-05-18,12577,12669.21962716109
新店區公所,2026-05-19,12868,12832.720340699394
新店區公所,2026-05-20,13005,12977.303350994514
新店區公所,2026-05-21,12741,12912.302008980476
新店區公所,2026-05-22,13604,13525.544772862677
新店區公所,2026-05-23,10699,9926.366921979916
新店區公所,2026-05-24,8658,8558.753527359706
新店區公所,2026-05-25,12432,12567.178318260512
新店區公所,2026-05-26,12788,12770.149147964985
新店區公所,2026-05-27,13005,12959.38460294346
新店區公所,2026-05-28,12864,12922.91486822468
新店區公所,2026-05-29,13303,13555.573397408962
新店區公所,2026-05-30,10319,9876.304502199182
新店區公所,2026-05-31,8295,8392.624051487055
新莊,2026-01-01,5413,6701.770378634589
新莊,2026-01-02,11342,11227.567905176276
新莊,2026-01-03,8307,8326.134091801843
新莊,2026-01-04,6581,6631.943223413057
新莊,2026-01-05,11234,10755.531242095956
新莊,2026-01-06,11294,11522.596678011048
新莊,2026-01-07,11446,11479.455330952176
新莊,2026-01-08,11402,11195.07548669087
新莊,2026-01-09,11895,11889.483570012208
新莊,2026-01-10,8478,8649.501174352099
新莊,2026-01-11,6731,6697.877330527636
新莊,2026-01-12,10912,10877.747463733442
新莊,2026-01-13,11399,11349.411659150965
新莊,2026-01-14,11509,11537.722643758152
新莊,2026-01-15,11466,11326.679872003971
新莊,2026-01-16,11878,11916.370446402838
新莊,2026-01-17,8242,8627.96816528539
新莊,2026-01-18,6546,6598.581768687679
新莊,2026-01-19,10669,10759.565948954112
新莊,2026-01-20,11685,11250.524553660538
新莊,2026-01-21,11166,11649.46127419392
新莊,2026-01-22,11028,11199.008300536225
新莊,2026-01-23,11858,11703.975621352756
新莊,2026-01-24,9289,8560.70518259666
新莊,2026-01-25,8014,7043.52706918127
新莊,2026-01-26,10686,11439.480942961727
新莊,2026-01-27,10622,11387.963411219716
新莊,2026-01-28,10758,11142.823753828936
新莊,2026-01-29,11217,10938.901017597402
新莊,2026-01-30,11574,11778.845104532737
新莊,2026-01-31,8182,8550.33884481242
新莊,2026-02-01,6258,6660.778278541379
新莊,2026-02-02,10093,10533.053404124115
新莊,2026-02-03,10621,10917.674917280136
新莊,2026-02-04,10631,11084.781362790782
新莊,2026-02-05,11399,10919.843181823053
新莊,2026-02-06,11918,11818.631610721886
新莊,2026-02-07,9275,8625.206582321338
新莊,2026-02-08,7259,7053.04582750053
新莊,2026-02-09,10194,11023.192493147231
新莊,2026-02-10,11484,11030.172615572208
新莊,2026-02-11,11348,11446.274449926892
新莊,2026-02-12,11614,11317.884613549828
新莊,2026-02-13,10509,11977.942558016395
新莊,2026-02-14,7083,8120.078159131125
新莊,2026-02-15,5358,6069.209647031589
新莊,2026-02-16,3265,3908.008438834776
新莊,2026-02-17,4977,4529.334923584717
新莊,2026-02-18,5292,5130.7727512268
新莊,2026-02-19,5983,5214.898155308859
新莊,2026-02-20,6357,7438.245606782483
新莊,2026-02-21,6805,8169.877269959002
新莊,2026-02-22,5980,5879.937663144575
新莊,2026-02-23,11191,10243.2184564483
新莊,2026-02-24,11744,11481.536247657416
新莊,2026-02-25,11732,11645.093810500137
新莊,2026-02-26,13647,11576.855652305128
新莊,2026-02-27,7864,8107.604776616971
新莊,2026-02-28,7953,8813.785417586245
新莊,2026-03-01,6426,6521.677451608072
新莊,2026-03-02,11364,10657.81802533481
新莊,2026-03-03,11486,11590.223577200895
新莊,2026-03-04,12094,11546.106887258751
新莊,2026-03-05,11882,11913.407693431842
新莊,2026-03-06,12603,11965.545316315109
新莊,2026-03-07,9548,8784.95994102197
新莊,2026-03-08,7199,7201.759825650838
新莊,2026-03-09,11314,11104.98382001648
新莊,2026-03-10,11578,11588.77190974861
新莊,2026-03-11,12128,11646.60572905208
新莊,2026-03-12,12366,11803.96734019176
新莊,2026-03-13,12850,12271.28991869741
新莊,2026-03-14,9516,9062.217081573242
新莊,2026-03-15,7005,7208.7227857868575
新莊,2026-03-16,11344,10999.07451296638
新莊,2026-03-17,11883,11595.624802560778
新莊,2026-03-18,12000,11802.375803281237
新莊,2026-03-19,11868,11821.79447201602
新莊,2026-03-20,12330,12079.066298553573
新莊,2026-03-21,9413,8819.563486794199
新莊,2026-03-22,7762,7110.92923687279
新莊,2026-03-23,11332,11344.609347459504
新莊,2026-03-24,11881,11662.41471610709
新莊,2026-03-25,11975,11797.321341833542
新莊,2026-03-26,11964,11782.790068269043
新莊,2026-03-27,11778,12111.72329735234
新莊,2026-03-28,8310,8621.863062083812
新莊,2026-03-29,6349,6688.372089644922
新莊,2026-03-30,11386,10644.72787781123
新莊,2026-03-31,11648,11613.79077135022
新莊,2026-04-01,11797,11695.520666381131
新莊,2026-04-02,11780,11708.037156480676
新莊,2026-04-03,8361,7396.305604525153
新莊,2026-04-04,6769,9040.76570497956
新莊,2026-04-05,8246,5997.592507595465
新莊,2026-04-06,7164,6915.131416344711
新莊,2026-04-07,11236,11844.47420780362
新莊,2026-04-08,11815,11544.48117935656
新莊,2026-04-09,11869,11695.133686371688
新莊,2026-04-10,12211,12131.946309211757
新莊,2026-04-11,9125,8487.18933691242
新莊,2026-04-12,6776,7264.267350776488
新莊,2026-04-13,11212,10944.603532840089
新莊,2026-04-14,12401,11482.382610530349
新莊,2026-04-15,12367,12042.744368201302
新莊,2026-04-16,11661,12007.133655279287
新莊,2026-04-17,13213,12029.542709458465
新莊,2026-04-18,10967,9126.649816931797
新莊,2026-04-19,8693,7931.051712189536
新莊,2026-04-20,11096,11895.413676185932
新莊,2026-04-21,11553,11684.127583536618
新莊,2026-04-22,11702,11700.578019068553
新莊,2026-04-23,11412,11623.620049858917
新莊,2026-04-24,12273,12008.592592802575
新莊,2026-04-25,7947,8881.122362309878
新莊,2026-04-26,7229,6669.967508431416
新莊,2026-04-27,11156,10985.65616268598
新莊,2026-04-28,12547,11548.241712350382
新莊,2026-04-29,12526,12105.995975065189
新莊,2026-04-30,11601,12029.188463301183
新莊,2026-05-01,7485,7530.469981634132
新莊,2026-05-02,8166,8582.961083928047
新莊,2026-05-03,6741,6776.290399306531
新莊,2026-05-04,11308,10848.684454792796
新莊,2026-05-05,11524,11709.288228980962
新莊,2026-05-06,12694,11711.313555633838
新莊,2026-05-07,11918,12014.949271797075
新莊,2026-05-08,13116,12214.477389018515
新莊,2026-05-09,9748,9063.292715091287
新莊,2026-05-10,7220,7483.432626676112
新莊,2026-05-11,11431,11191.950600213897
新莊,2026-05-12,12882,11718.106586005017
新莊,2026-05-13,11329,12402.073392652224
新莊,2026-05-14,11114,11506.036930615572
新莊,2026-05-15,13414,11906.15754652628
新莊,2026-05-16,10740,9250.75547352414
新莊,2026-05-17,8784,7895.392764564868
新莊,2026-05-18,11218,11926.58462463092
新莊,2026-05-19,11522,11852.748159143935
新莊,2026-05-20,12780,11625.03766824576
新莊,2026-05-21,12820,12031.310001270922
新莊,2026-05-22,11911,12836.781434104549
新莊,2026-05-23,10112,8823.076542185088
新莊,2026-05-24,6685,7672.438292251631
新莊,2026-05-25,10814,10873.076174502608
新莊,2026-05-26,11463,11456.647166201716
新莊,2026-05-27,11713,11756.907909193427
新莊,2026-05-28,11546,11672.72754503906
新莊,2026-05-29,12597,12025.76399994563
新莊,2026-05-30,8362,9106.72233399756
新莊,2026-05-31,7690,6770.90967193704
昆陽,2026-01-01,7032,9130.767519460333
昆陽,2026-01-02,16023,17065.075478431445
昆陽,2026-01-03,9000,10318.535099704535
昆陽,2026-01-04,8142,7660.1852508343645
昆陽,2026-01-05,16660,15772.345075079247
昆陽,2026-01-06,16960,16587.590799767513
昆陽,2026-01-07,16718,16879.494081056222
昆陽,2026-01-08,17117,16655.67591486525
昆陽,2026-01-09,17667,17532.180831039652
昆陽,2026-01-10,10818,10865.67186647244
昆陽,2026-01-11,8644,8496.351106465834
昆陽,2026-01-12,16459,16195.24019732593
昆陽,2026-01-13,16775,16613.63872059256
昆陽,2026-01-14,17214,16782.940722513576
昆陽,2026-01-15,17164,16975.63605653433
昆陽,2026-01-16,17459,17659.25087617218
昆陽,2026-01-17,11763,10876.243970107436
昆陽,2026-01-18,9395,8783.162610327498
昆陽,2026-01-19,16451,16500.32841924656
昆陽,2026-01-20,17139,16693.69742386459
昆陽,2026-01-21,16751,16986.851976970636
昆陽,2026-01-22,16792,16870.893232232105
昆陽,2026-01-23,17465,17478.857100115987
昆陽,2026-01-24,10571,10966.289043419289
昆陽,2026-01-25,8297,8463.071821278168
昆陽,2026-01-26,16012,16020.167933204186
昆陽,2026-01-27,16425,16483.812184004255
昆陽,2026-01-28,16306,16634.769818831017
昆陽,2026-01-29,17103,16628.14111457415
昆陽,2026-01-30,19167,17529.622101527537
昆陽,2026-01-31,13395,11427.786622443473
昆陽,2026-02-01,9340,9465.8394692148
昆陽,2026-02-02,16166,16632.797941286906
昆陽,2026-02-03,16251,16661.77671927021
昆陽,2026-02-04,17543,16599.33117939037
昆陽,2026-02-05,18177,17094.76866619398
昆陽,2026-02-06,18210,18203.909632102583
昆陽,2026-02-07,12539,11521.40766810461
昆陽,2026-02-08,9785,9129.300673936845
昆陽,2026-02-09,16429,16628.41773024284
昆陽,2026-02-10,16753,16707.698744451045
昆陽,2026-02-11,16338,16933.112690539165
昆陽,2026-02-12,16982,16878.002720669298
昆陽,2026-02-13,15961,17646.848174196657
昆陽,2026-02-14,7466,10710.781473472704
昆陽,2026-02-15,5977,7367.08968686527
昆陽,2026-02-16,4167,4035.102085360813
昆陽,2026-02-17,4711,4964.396088632653
昆陽,2026-02-18,5303,5319.06513093731
昆陽,2026-02-19,5862,5748.530599789765
昆陽,2026-02-20,6243,9220.929759741484
昆陽,2026-02-21,7209,9641.698383722374
昆陽,2026-02-22,6896,6913.428741581202
昆陽,2026-02-23,16055,15177.78480934504
昆陽,2026-02-24,16396,16193.656796263367
昆陽,2026-02-25,16952,16583.361747603212
昆陽,2026-02-26,17625,16975.687329870314
昆陽,2026-02-27,11292,9277.634543304866
昆陽,2026-02-28,8528,11200.646718760529
昆陽,2026-03-01,7229,7856.124265195679
昆陽,2026-03-02,16408,15626.762760925729
昆陽,2026-03-03,16630,16435.527902794096
昆陽,2026-03-04,17022,16763.95083562095
昆陽,2026-03-05,17764,17113.572312094362
昆陽,2026-03-06,19769,17826.844528538557
昆陽,2026-03-07,12117,11122.172890086236
昆陽,2026-03-08,7733,8973.065477668519
昆陽,2026-03-09,16847,16162.447761847106
昆陽,2026-03-10,16883,16717.80594273867
昆陽,2026-03-11,17188,16931.135399773375
昆陽,2026-03-12,17351,17261.235610539967
昆陽,2026-03-13,17619,17887.95412698983
昆陽,2026-03-14,11538,10680.074448033109
昆陽,2026-03-15,8523,8461.850438410063
昆陽,2026-03-16,16382,16369.856959133014
昆陽,2026-03-17,17093,16620.664122017417
昆陽,2026-03-18,17252,16991.031783087143
昆陽,2026-03-19,17265,17269.03965866776
昆陽,2026-03-20,18060,17726.719158326225
昆陽,2026-03-21,11654,10891.452779677344
昆陽,2026-03-22,9693,8608.760376275328
昆陽,2026-03-23,16685,16730.490724571304
昆陽,2026-03-24,17352,16876.938971186635
昆陽,2026-03-25,17184,17148.515648053442
昆陽,2026-03-26,17261,17275.33429214855
昆陽,2026-03-27,17354,17781.79791833664
昆陽,2026-03-28,11419,10721.45166944278
昆陽,2026-03-29,8175,8621.78674115505
昆陽,2026-03-30,17041,16196.488583035793
昆陽,2026-03-31,16877,16894.736009224955
昆陽,2026-04-01,17220,16980.150250482322
昆陽,2026-04-02,17947,17243.350240292526
昆陽,2026-04-03,8112,9862.12801989156
昆陽,2026-04-04,7580,10448.291113527275
昆陽,2026-04-05,8118,7181.9735642953865
昆陽,2026-04-06,6506,7891.406413926391
昆陽,2026-04-07,16686,15972.729309798076
昆陽,2026-04-08,17230,16715.387566541904
昆陽,2026-04-09,17608,17266.074134647417
昆陽,2026-04-10,18272,17575.098676844613
昆陽,2026-04-11,11041,10664.80233608895
昆陽,2026-04-12,7738,8613.449464115587
昆陽,2026-04-13,16559,15930.887944014692
昆陽,2026-04-14,17106,16767.92754909063
昆陽,2026-04-15,17295,17090.636207018866
昆陽,2026-04-16,17650,17380.38735478203
昆陽,2026-04-17,17732,17801.27770488554
昆陽,2026-04-18,11531,10696.8944841611
昆陽,2026-04-19,9657,8563.134949793966
昆陽,2026-04-20,16518,16733.84869185441
昆陽,2026-04-21,17117,16933.38370217966
昆陽,2026-04-22,17274,17135.57033137234
昆陽,2026-04-23,17064,17402.15095761339
昆陽,2026-04-24,18130,17573.74565819874
昆陽,2026-04-25,10534,10878.981770963304
昆陽,2026-04-26,9467,8452.890569411538
昆陽,2026-04-27,16724,16536.630028489624
昆陽,2026-04-28,17688,16968.873052964285
昆陽,2026-04-29,17247,17334.361743796875
昆陽,2026-04-30,18639,17382.598678711925
昆陽,2026-05-01,10006,10111.561881708938
昆陽,2026-05-02,10953,10902.93479585576
昆陽,2026-05-03,10347,8702.144975860152
昆陽,2026-05-04,17567,16898.408085720435
昆陽,2026-05-05,17708,17413.27429430998
昆陽,2026-05-06,17545,17414.29389612021
昆陽,2026-05-07,17896,17691.883571440034
昆陽,2026-05-08,18202,17919.428484101896
昆陽,2026-05-09,11582,10915.00297526757
昆陽,2026-05-10,7610,9070.95180406356
昆陽,2026-05-11,16459,16149.44346196975
昆陽,2026-05-12,17305,16841.764732377287
昆陽,2026-05-13,17098,17156.335432662352
昆陽,2026-05-14,17127,17439.106886753685
昆陽,2026-05-15,17688,17656.821465277175
昆陽,2026-05-16,12296,10758.6805955181
昆陽,2026-05-17,9369,8951.324388815676
昆陽,2026-05-18,16671,16767.638740833776
昆陽,2026-05-19,17141,17115.107976174455
昆陽,2026-05-20,17236,17148.419161885602
昆陽,2026-05-21,17668,17428.69694843123
昆陽,2026-05-22,18792,17833.403857839265
昆陽,2026-05-23,12414,11338.18796795679
昆陽,2026-05-24,9395,9221.342629004756
昆陽,2026-05-25,16511,16782.44173352819
昆陽,2026-05-26,17454,17054.217593981735
昆陽,2026-05-27,17226,17253.564872873085
昆陽,2026-05-28,17468,17496.7652907684
昆陽,2026-05-29,17435,17902.029372322628
昆陽,2026-05-30,9542,10950.39979124433
昆陽,2026-05-31,7760,8182.897305499239
明德,2026-01-01,6887,8186.555955748729
明德,2026-01-02,13757,14050.720534674796
明德,2026-01-03,9521,9627.512283488775
明德,2026-01-04,7554,7289.722511953778
明德,2026-01-05,14179,13617.164244261809
明德,2026-01-06,14355,14289.446909164017
明德,2026-01-07,14218,14316.664726599742
明德,2026-01-08,14241,13832.889325664166
明德,2026-01-09,14828,14514.165721511796
明德,2026-01-10,10327,10171.04824254433
明德,2026-01-11,7468,7760.991141683513
明德,2026-01-12,14023,13714.730570784348
明德,2026-01-13,14479,14221.95483185678
明德,2026-01-14,14271,14330.488141352474
明德,2026-01-15,14324,14043.893820664172
明德,2026-01-16,14571,14632.962667855294
明德,2026-01-17,10064,10118.952151706784
明德,2026-01-18,7642,7565.121047421584
明德,2026-01-19,13391,13754.353712915065
明德,2026-01-20,14235,14020.415622554508
明德,2026-01-21,13957,14180.467152397176
明德,2026-01-22,13796,13914.042681793297
明德,2026-01-23,14713,14358.61123592835
明德,2026-01-24,10278,10099.670742610326
明德,2026-01-25,8116,7684.57841225566
明德,2026-01-26,12942,13863.187789504966
明德,2026-01-27,12951,13904.889283300212
明德,2026-01-28,13265,13619.551961968438
明德,2026-01-29,13181,13481.2826768883
明德,2026-01-30,13596,14097.443136334672
明德,2026-01-31,10007,9627.162986337218
明德,2026-02-01,7542,7536.823160170126
明德,2026-02-02,12493,13460.802998072457
明德,2026-02-03,12973,13485.470455521376
明德,2026-02-04,13132,13534.651407211928
明德,2026-02-05,13139,13375.603589009748
明德,2026-02-06,13431,13951.506874974197
明德,2026-02-07,9956,9606.859130647576
明德,2026-02-08,7591,7465.142122682224
明德,2026-02-09,12853,13386.564394035706
明德,2026-02-10,13104,13618.72374148094
明德,2026-02-11,13138,13580.063430957272
明德,2026-02-12,13057,13381.78012986908
明德,2026-02-13,12560,13874.170089637764
明德,2026-02-14,8248,9288.207555783349
明德,2026-02-15,6269,6741.555330286192
明德,2026-02-16,4819,5101.9598848421765
明德,2026-02-17,5663,5659.666153489002
明德,2026-02-18,5884,5930.157707674272
明德,2026-02-19,6266,5878.982755411757
明德,2026-02-20,6868,8055.552706637785
明德,2026-02-21,7405,9267.99934514231
明德,2026-02-22,7074,6363.691416423462
明德,2026-02-23,14020,12962.447005305756
明德,2026-02-24,14404,13990.349047755572
明德,2026-02-25,14574,14160.279090237917
明德,2026-02-26,15321,14133.569883674854
明德,2026-02-27,9189,8654.745301907413
明德,2026-02-28,8831,10087.836547673973
明德,2026-03-01,7274,7313.467116838825
明德,2026-03-02,14280,13426.472648078648
明德,2026-03-03,14078,14223.344264099862
明德,2026-03-04,14522,14147.548225362936
明德,2026-03-05,14598,14267.334137552418
明德,2026-03-06,15491,14556.326911695394
明德,2026-03-07,10531,10096.556874039465
明德,2026-03-08,7972,7924.720837397996
明德,2026-03-09,14257,13907.557288120915
明德,2026-03-10,14321,14248.106674748897
明德,2026-03-11,14991,14290.908927927409
明德,2026-03-12,14779,14427.980783279532
明德,2026-03-13,15144,14799.674791602443
明德,2026-03-14,10679,10185.742991121337
明德,2026-03-15,8124,7963.814476676489
明德,2026-03-16,14206,13952.890470185464
明德,2026-03-17,14546,14264.327102456422
明德,2026-03-18,14805,14462.415725455106
明德,2026-03-19,14346,14396.4325347107
明德,2026-03-20,15340,14595.86099031302
明德,2026-03-21,10651,10282.676984133355
明德,2026-03-22,8139,7984.249969462297
明德,2026-03-23,14370,13963.642757440188
明德,2026-03-24,14703,14372.434664373792
明德,2026-03-25,14616,14533.796669367815
明德,2026-03-26,14437,14297.214211292816
明德,2026-03-27,14739,14708.932725814817
明德,2026-03-28,10113,10072.903519221636
明德,2026-03-29,7892,7736.8050323606
明德,2026-03-30,14393,13854.417752479196
明德,2026-03-31,14495,14379.71293445466
明德,2026-04-01,14369,14425.918520229368
明德,2026-04-02,14959,14206.798048216502
明德,2026-04-03,8003,8837.302722984548
明德,2026-04-04,7410,9792.083605904912
明德,2026-04-05,6906,6641.41176088306
明德,2026-04-06,7116,7293.503148902606
明德,2026-04-07,14351,13727.80276546715
明德,2026-04-08,14617,14207.392923232152
明德,2026-04-09,14889,14376.93443554473
明德,2026-04-10,15027,14656.229071632366
明德,2026-04-11,10343,9775.337204517728
明德,2026-04-12,7853,7902.034897977854
明德,2026-04-13,14256,13841.86864235817
明德,2026-04-14,14350,14412.567156328958
明德,2026-04-15,14465,14412.042849050284
明德,2026-04-16,14216,14369.73729347861
明德,2026-04-17,14789,14521.239097238362
明德,2026-04-18,10322,9922.17009222228
明德,2026-04-19,7945,7827.774591105135
明德,2026-04-20,14177,13949.57262742145
明德,2026-04-21,14357,14322.759800899035
明德,2026-04-22,14352,14383.997717609043
明德,2026-04-23,13990,14248.62211690159
明德,2026-04-24,14725,14445.162473816832
明德,2026-04-25,10036,9916.807500813187
明德,2026-04-26,8256,7728.03671805309
明德,2026-04-27,14276,14048.62153204311
明德,2026-04-28,14581,14387.766343620007
明德,2026-04-29,14588,14470.7932357196
明德,2026-04-30,15120,14326.11906933382
明德,2026-05-01,9148,8945.641856151806
明德,2026-05-02,8737,10163.266515484618
明德,2026-05-03,7565,7361.848956952963
明德,2026-05-04,14384,13696.967834765494
明德,2026-05-05,14403,14378.532646105776
明德,2026-05-06,14949,14414.82236454858
明德,2026-05-07,14525,14608.529835850766
明德,2026-05-08,15079,14737.27317862907
明德,2026-05-09,10446,9836.983207295494
明德,2026-05-10,7629,8001.034292777918
明德,2026-05-11,13985,13962.432775546293
明德,2026-05-12,13997,14248.250903179816
明德,2026-05-13,14109,14312.844177684496
明德,2026-05-14,13742,14161.533203550436
明德,2026-05-15,14828,14390.043701365616
明德,2026-05-16,10248,9878.031556065229
明德,2026-05-17,8406,7797.499828834865
明德,2026-05-18,14082,14182.05766031591
明德,2026-05-19,14358,14300.22857254846
明德,2026-05-20,14498,14393.872700588618
明德,2026-05-21,14270,14277.167694948172
明德,2026-05-22,14472,14681.271062888714
明德,2026-05-23,10488,9818.444935519236
明德,2026-05-24,7588,8006.245746876149
明德,2026-05-25,13939,13855.055967371876
明德,2026-05-26,14145,14208.589001898144
明德,2026-05-27,14180,14314.30134524362
明德,2026-05-28,14041,14163.458024239902
明德,2026-05-29,14336,14483.03690906993
明德,2026-05-30,10470,9818.205468919245
明德,2026-05-31,7687,7861.000438323581
景安,2026-01-01,13311,14990.38001248574
景安,2026-01-02,23207,24558.457747787168
景安,2026-01-03,17082,18033.383764748964
景安,2026-01-04,14230,14246.650264026392
景安,2026-01-05,23265,22841.77823840549
景安,2026-01-06,23787,23937.5588548992
景安,2026-01-07,23805,24148.494807831183
景安,2026-01-08,23984,23763.55779134572
景安,2026-01-09,25003,24703.74499262508
景安,2026-01-10,18812,18559.222568161826
景安,2026-01-11,14401,15032.11168021663
景安,2026-01-12,23121,23272.919454847342
景安,2026-01-13,23681,24011.160551946927
景安,2026-01-14,23831,24104.301924896063
景安,2026-01-15,24051,23825.580022475555
景安,2026-01-16,25095,24789.585342256243
景安,2026-01-17,18573,18646.669892397964
景安,2026-01-18,15110,14868.773646376208
景安,2026-01-19,23111,23431.571663021583
景安,2026-01-20,23832,24028.23346288079
景安,2026-01-21,23549,24134.068806248684
景安,2026-01-22,23578,23808.29064237118
景安,2026-01-23,25231,24677.52284998168
景安,2026-01-24,18977,18607.79362854016
景安,2026-01-25,15732,15024.631190650076
景安,2026-01-26,23164,23606.53275571956
景安,2026-01-27,23435,24104.472226608264
景安,2026-01-28,23809,23961.702891508045
景安,2026-01-29,24236,23814.48439359383
景安,2026-01-30,24992,24983.402767780997
景安,2026-01-31,18962,18685.989501533324
景安,2026-02-01,14519,15144.782134167895
景安,2026-02-02,22966,23174.557522060637
景安,2026-02-03,24128,23789.55445291141
景安,2026-02-04,24384,24064.60587452915
景安,2026-02-05,24623,24108.29462884017
景安,2026-02-06,25519,25183.55507221648
景安,2026-02-07,19022,18967.66150750152
景安,2026-02-08,15499,15145.652503333486
景安,2026-02-09,23186,23478.13568157265
景安,2026-02-10,24437,24051.88544062985
景安,2026-02-11,23796,24291.70282965937
景安,2026-02-12,24305,24087.079540055103
景安,2026-02-13,23983,25103.995836259524
景安,2026-02-14,15307,18464.72567357862
景安,2026-02-15,12131,13904.93274770395
景安,2026-02-16,8855,9175.012399073314
景安,2026-02-17,11218,10298.74108720478
景安,2026-02-18,12200,10893.96432181684
景安,2026-02-19,13209,11492.799614037776
景安,2026-02-20,13607,16222.74823772611
景安,2026-02-21,15922,17793.975475361876
景安,2026-02-22,13514,13729.471707863437
景安,2026-02-23,22768,22318.392905510795
景安,2026-02-24,23625,23720.641457588867
景安,2026-02-25,24592,23970.98719414416
景安,2026-02-26,25044,24462.72423661357
景安,2026-02-27,17950,15497.419866822233
景安,2026-02-28,17700,18671.35884593109
景安,2026-03-01,14143,14702.547741436723
景安,2026-03-02,23242,22982.681644053075
景安,2026-03-03,23808,24072.13373990015
景安,2026-03-04,23895,24271.1364844748
景安,2026-03-05,24516,24423.78517004005
景安,2026-03-06,25350,24944.487429676326
景安,2026-03-07,19801,17899.27846191601
景安,2026-03-08,15545,14983.344781267378
景安,2026-03-09,23441,23588.955391452557
景安,2026-03-10,24302,24313.14968704128
景安,2026-03-11,24705,24462.94274615812
景安,2026-03-12,24244,24779.44470610527
景安,2026-03-13,25361,25052.353296363824
景安,2026-03-14,20180,18256.833170204
景安,2026-03-15,15910,15206.105030464849
景安,2026-03-16,23272,23719.142421626337
景安,2026-03-17,24370,24326.14753646381
景安,2026-03-18,24591,24532.29678560488
景安,2026-03-19,24036,24663.84618869061
景安,2026-03-20,25382,25030.53152210013
景安,2026-03-21,19576,18547.75554037229
景安,2026-03-22,16124,15133.779594082918
景安,2026-03-23,23215,23632.303467582955
景安,2026-03-24,24203,24312.10013711522
景安,2026-03-25,24169,24482.317163832155
景安,2026-03-26,24138,24412.576970662707
景安,2026-03-27,25137,25058.864108401405
景安,2026-03-28,18977,18623.84102019244
景安,2026-03-29,14738,15085.704276988266
景安,2026-03-30,23219,23069.119347649637
景安,2026-03-31,24033,24096.045407448382
景安,2026-04-01,24115,24299.1864240912
景安,2026-04-02,24429,24302.850893054718
景安,2026-04-03,16181,15912.663841059884
景安,2026-04-04,14134,18776.80396707487
景安,2026-04-05,14014,13623.36740006711
景安,2026-04-06,12837,13108.650932362902
景安,2026-04-07,23108,23430.94557953354
景安,2026-04-08,24135,23733.706420635852
景安,2026-04-09,24296,24117.66759287409
景安,2026-04-10,25267,25050.717938210262
景安,2026-04-11,19513,17895.570010254545
景安,2026-04-12,15167,15252.135906041289
景安,2026-04-13,23084,23243.34933873899
景安,2026-04-14,23520,24068.791409238067
景安,2026-04-15,23728,24202.73608866612
景安,2026-04-16,23881,24186.235667699213
景安,2026-04-17,24742,24978.13233572065
景安,2026-04-18,18391,18007.611826570857
景安,2026-04-19,15306,14822.536282591796
景安,2026-04-20,22950,23094.50918915233
景安,2026-04-21,23548,23888.52167092361
景安,2026-04-22,23741,24091.42687462055
景安,2026-04-23,23726,24125.766872494893
景安,2026-04-24,24942,24887.450633911467
景安,2026-04-25,18406,18100.71638221576
景安,2026-04-26,16205,14925.856278088728
景安,2026-04-27,23354,23345.81674792057
景安,2026-04-28,24151,24064.438766889776
景安,2026-04-29,24075,24306.04774173985
景安,2026-04-30,25129,24267.370022888783
景安,2026-05-01,17651,16181.518406534771
景安,2026-05-02,17386,18920.12951162941
景安,2026-05-03,14239,15145.99200127315
景安,2026-05-04,23547,22767.80775968104
景安,2026-05-05,24267,23906.679123623235
景安,2026-05-06,24647,24233.689977313912
景安,2026-05-07,24468,24572.470224051067
景安,2026-05-08,25009,25513.54232270403
景安,2026-05-09,18295,18052.08437192073
景安,2026-05-10,14642,15009.369616147227
景安,2026-05-11,23250,23030.985887262923
景安,2026-05-12,23940,23931.5983516564
景安,2026-05-13,23840,24194.57355113936
景安,2026-05-14,23760,24264.36114581043
景安,2026-05-15,25604,25092.95409415325
景安,2026-05-16,19090,18152.005322945253
景安,2026-05-17,15949,15208.086569683916
景安,2026-05-18,22850,23551.73732445988
景安,2026-05-19,23763,24007.56027112052
景安,2026-05-20,23828,24109.515181919003
景安,2026-05-21,23766,24167.01347532084
景安,2026-05-22,24891,25180.61989728187
景安,2026-05-23,19092,18097.38350335753
景安,2026-05-24,15410,15252.60885609795
景安,2026-05-25,22687,23236.876590122643
景安,2026-05-26,23403,23839.99314117265
景安,2026-05-27,23613,23907.13614454147
景安,2026-05-28,23503,23975.92981287691
景安,2026-05-29,24845,24998.794963940483
景安,2026-05-30,18860,18194.50980421432
景安,2026-05-31,15087,15178.963670644176
景平,2026-01-01,1329,1307.0484462064892
景平,2026-01-02,1991,2146.9855474098995
景平,2026-01-03,1459,1608.663101514392
景平,2026-01-04,1427,1315.6942694048475
景平,2026-01-05,1875,1865.7657273959453
景平,2026-01-06,1903,1972.146051963971
景平,2026-01-07,1946,1961.601769516656
景平,2026-01-08,1893,1971.1343505278653
景平,2026-01-09,2010,1976.213950841272
景平,2026-01-10,1585,1526.0562104328037
景平,2026-01-11,1398,1353.7266303177944
景平,2026-01-12,1785,1867.4313959398075
景平,2026-01-13,1908,1923.043745910032
景平,2026-01-14,1950,1945.4931551684977
景平,2026-01-15,1931,1956.6631278887887
景平,2026-01-16,1993,1990.6826822253524
景平,2026-01-17,1575,1527.5018951777706
景平,2026-01-18,1329,1355.453803689804
景平,2026-01-19,1904,1824.072688530805
景平,2026-01-20,2014,1959.4224242565583
景平,2026-01-21,2010,2015.2385258445136
景平,2026-01-22,2053,2014.9082477893212
景平,2026-01-23,2039,2080.431330124367
景平,2026-01-24,1673,1598.7299342727351
景平,2026-01-25,1394,1432.2446836138338
景平,2026-01-26,1858,1899.2100817996425
景平,2026-01-27,1974,1976.2480193706888
景平,2026-01-28,1926,2001.498492896616
景平,2026-01-29,1965,1971.5585229306048
景平,2026-01-30,2122,2011.761319124705
景平,2026-01-31,1668,1615.1920979883475
景平,2026-02-01,1488,1429.4075353567969
景平,2026-02-02,1892,1942.6347080425955
景平,2026-02-03,2023,2015.7064807159995
景平,2026-02-04,1932,2036.0198818872295
景平,2026-02-05,2030,1995.158766710602
景平,2026-02-06,2135,2064.0039870937017
景平,2026-02-07,1674,1648.906228295485
景平,2026-02-08,1586,1450.2278554093973
景平,2026-02-09,1961,1991.136476269242
景平,2026-02-10,2045,2075.772146419637
景平,2026-02-11,1971,2063.4835601993564
景平,2026-02-12,2019,2036.21061757168
景平,2026-02-13,1949,2086.725747331519
景平,2026-02-14,1408,1570.281529528259
景平,2026-02-15,1213,1298.061495564783
景平,2026-02-16,895,904.6424637526052
景平,2026-02-17,1150,1007.7199344060942
景平,2026-02-18,1176,1076.7319628351152
景平,2026-02-19,1230,1151.4969347105612
景平,2026-02-20,1237,1294.6137661545636
景平,2026-02-21,1537,1574.6784297806198
景平,2026-02-22,1339,1363.9546521122638
景平,2026-02-23,1853,1821.014257692251
景平,2026-02-24,1925,1954.630773150093
景平,2026-02-25,2108,1938.4204579964317
景平,2026-02-26,2124,2048.87758763228
景平,2026-02-27,1643,1351.9932220503129
景平,2026-02-28,1531,1793.056828648373
景平,2026-03-01,1393,1466.5894138684948
景平,2026-03-02,1919,1901.8786107523372
景平,2026-03-03,1997,2024.4484198211155
景平,2026-03-04,2069,2025.583129992178
景平,2026-03-05,2162,2072.682107010574
景平,2026-03-06,2097,2171.56120951499
景平,2026-03-07,1697,1629.5743840496589
景平,2026-03-08,1358,1471.281284296285
景平,2026-03-09,1916,1893.6845837383685
景平,2026-03-10,2106,2014.3748857845976
景平,2026-03-11,2050,2082.469483502731
景平,2026-03-12,2033,2097.84115589735
景平,2026-03-13,2100,2116.642998024213
景平,2026-03-14,1693,1605.1180802716613
景平,2026-03-15,1412,1444.350535145828
景平,2026-03-16,1942,1915.1336963876397
景平,2026-03-17,1982,2044.358983665901
景平,2026-03-18,2073,2031.5760745829048
景平,2026-03-19,1958,2080.782536835104
景平,2026-03-20,2132,2071.1598265744783
景平,2026-03-21,1555,1610.3017135172404
景平,2026-03-22,1487,1370.275616802528
景平,2026-03-23,1917,1920.7690909118844
景平,2026-03-24,1929,2029.655324259454
景平,2026-03-25,2025,2004.3892659635253
景平,2026-03-26,1992,2029.424699627879
景平,2026-03-27,2151,2074.639057265722
景平,2026-03-28,1595,1614.857817044268
景平,2026-03-29,1319,1404.0395477986526
景平,2026-03-30,1915,1852.0937062778016
景平,2026-03-31,1927,1983.7440992507609
景平,2026-04-01,2007,1989.6300058414924
景平,2026-04-02,1987,2005.7095833964088
景平,2026-04-03,1456,1305.8047011175663
景平,2026-04-04,1275,1640.6455628541607
景平,2026-04-05,1448,1259.983026565837
景平,2026-04-06,1186,1085.2883364763757
景平,2026-04-07,2016,1991.1067003697904
景平,2026-04-08,2071,2041.6426823261845
景平,2026-04-09,2051,2057.870262556154
景平,2026-04-10,2080,2146.485671460772
景平,2026-04-11,1713,1563.9555270254675
景平,2026-04-12,1386,1465.6312989940438
景平,2026-04-13,1862,1926.2157092928676
景平,2026-04-14,1986,1979.401970069536
景平,2026-04-15,2013,2024.3341689291103
景平,2026-04-16,2036,2019.1027269769809
景平,2026-04-17,2114,2117.8769461381853
景平,2026-04-18,1570,1573.9496580133705
景平,2026-04-19,1412,1395.8700467619087
景平,2026-04-20,1883,1902.284314695141
景平,2026-04-21,1943,1980.9744068385207
景平,2026-04-22,2023,2003.5408286358795
景平,2026-04-23,2043,2015.4733652584744
景平,2026-04-24,2227,2116.702176398659
景平,2026-04-25,1688,1631.5100353618736
景平,2026-04-26,1540,1478.1986990037035
景平,2026-04-27,1904,2000.1490061316213
景平,2026-04-28,2065,2036.729295415921
景平,2026-04-29,2104,2092.248915198193
景平,2026-04-30,2197,2099.602448948085
景平,2026-05-01,1588,1473.4059667851398
景平,2026-05-02,1571,1752.879149363826
景平,2026-05-03,1390,1485.410190173242
景平,2026-05-04,2008,1919.1169993654944
景平,2026-05-05,2235,2053.549819138593
景平,2026-05-06,2094,2182.183867104604
景平,2026-05-07,2059,2148.0534670782163
景平,2026-05-08,2159,2207.0394104833904
景平,2026-05-09,1623,1619.8937259499685
景平,2026-05-10,1390,1445.5439412919409
景平,2026-05-11,1951,1910.1032189998532
景平,2026-05-12,2015,2037.3227558388587
景平,2026-05-13,2092,2051.958347685771
景平,2026-05-14,2127,2081.253855438733
景平,2026-05-15,2204,2207.9650038206564
景平,2026-05-16,1680,1638.903715443893
景平,2026-05-17,1573,1476.191274378789
景平,2026-05-18,1971,2022.16934029067
景平,2026-05-19,1980,2100.437124652755
景平,2026-05-20,2047,2066.931505694691
景平,2026-05-21,1985,2068.55012477522
景平,2026-05-22,2026,2131.347043111389
景平,2026-05-23,1778,1521.7051319837224
景平,2026-05-24,1435,1472.0719695021612
景平,2026-05-25,1947,1946.1894462652515
景平,2026-05-26,1918,2041.5397896018223
景平,2026-05-27,1974,2013.7763575282297
景平,2026-05-28,1968,2001.23198798256
景平,2026-05-29,2220,2083.4948962804983
景平,2026-05-30,1677,1622.1173396174108
景平,2026-05-31,1497,1458.7129880892312
景美,2026-01-01,10142,10739.804218584924
景美,2026-01-02,14926,16792.51207004368
景美,2026-01-03,12900,12586.315300562172
景美,2026-01-04,11208,10954.604288320592
景美,2026-01-05,14550,14960.213253622218
景美,2026-01-06,15038,15747.686714630612
景美,2026-01-07,15170,15709.345100342698
景美,2026-01-08,15277,15558.277897208482
景美,2026-01-09,16271,16282.16557240338
景美,2026-01-10,13897,13319.09889203275
景美,2026-01-11,11772,11612.704806850088
景美,2026-01-12,14350,15271.986052472466
景美,2026-01-13,14993,15598.264217298629
景美,2026-01-14,15286,15577.304025180814
景美,2026-01-15,15296,15640.81852641181
景美,2026-01-16,16102,16566.5326445693
景美,2026-01-17,13448,13325.244480439342
景美,2026-01-18,11641,11378.744148079832
景美,2026-01-19,14224,15033.192692552391
景美,2026-01-20,15378,15492.36731777974
景美,2026-01-21,14988,15765.527346318911
景美,2026-01-22,14815,15505.560273288773
景美,2026-01-23,16115,16260.238399454342
景美,2026-01-24,13005,13229.937396551406
景美,2026-01-25,12057,11182.073829406329
景美,2026-01-26,14460,15163.701076894107
景美,2026-01-27,14782,15710.869756745364
景美,2026-01-28,14986,15387.410632348252
景美,2026-01-29,15191,15369.787545917416
景美,2026-01-30,16040,16476.601365300834
景美,2026-01-31,13425,13146.642206625096
景美,2026-02-01,10963,11529.505734432802
景美,2026-02-02,14116,14645.655016830711
景美,2026-02-03,15088,15293.830703361911
景美,2026-02-04,15456,15522.638824823913
景美,2026-02-05,15559,15683.482649998126
景美,2026-02-06,16359,16641.216839542765
景美,2026-02-07,13923,13424.884859512022
景美,2026-02-08,11465,11567.278638238524
景美,2026-02-09,14335,14946.579025439316
景美,2026-02-10,15290,15539.067236656065
景美,2026-02-11,15420,15708.03218179954
景美,2026-02-12,15509,15702.79255919061
景美,2026-02-13,15475,16622.29936853698
景美,2026-02-14,11857,13056.545277545743
景美,2026-02-15,10085,10509.24861447863
景美,2026-02-16,6868,6343.7380834849055
景美,2026-02-17,7487,7801.752004231487
景美,2026-02-18,7884,7913.083403148831
景美,2026-02-19,9196,8057.365237300436
景美,2026-02-20,9552,11697.116905230676
景美,2026-02-21,11171,12612.735927742013
景美,2026-02-22,10552,10085.569148030405
景美,2026-02-23,15881,14415.693215861793
景美,2026-02-24,17223,16151.887412168036
景美,2026-02-25,16987,16766.18165061436
景美,2026-02-26,18298,16906.00516265286
景美,2026-02-27,13278,12255.980048823323
景美,2026-02-28,13203,14439.150552550964
景美,2026-03-01,11129,11583.8444213881
景美,2026-03-02,16294,15181.663823170018
景美,2026-03-03,16608,16715.31036547842
景美,2026-03-04,16562,16571.12009794428
景美,2026-03-05,17240,16795.41096376796
景美,2026-03-06,18166,17646.443158949507
景美,2026-03-07,14675,14036.443825702148
景美,2026-03-08,12259,12098.266084197112
景美,2026-03-09,16535,15877.778532429156
景美,2026-03-10,16995,16792.741936588493
景美,2026-03-11,17321,16772.409328861042
景美,2026-03-12,17430,17090.301681719324
景美,2026-03-13,18414,17835.48360257683
景美,2026-03-14,15560,14520.834431601688
景美,2026-03-15,12601,12644.654228145806
景美,2026-03-16,16126,16079.211068338796
景美,2026-03-17,17224,16668.14700637991
景美,2026-03-18,17377,16968.014146013335
景美,2026-03-19,17119,17108.319780735834
景美,2026-03-20,18272,17726.531053012633
景美,2026-03-21,14636,14590.156952200505
景美,2026-03-22,12679,12152.184795477997
景美,2026-03-23,16186,15927.40643325095
景美,2026-03-24,17053,16777.129818846413
景美,2026-03-25,16938,16898.844869224708
景美,2026-03-26,16809,16819.560325526963
景美,2026-03-27,17639,17556.344491814296
景美,2026-03-28,14417,14107.965953903104
景美,2026-03-29,11310,12097.921956094418
景美,2026-03-30,16098,15252.888902697148
景美,2026-03-31,17007,16590.754428713066
景美,2026-04-01,15322,16788.89436577439
景美,2026-04-02,15876,16002.297803729709
景美,2026-04-03,11768,11458.763382914029
景美,2026-04-04,10325,13820.48502012898
景美,2026-04-05,10452,9797.523582687318
景美,2026-04-06,9338,9180.974702054871
景美,2026-04-07,15876,15837.827443238475
景美,2026-04-08,16406,15775.523705615027
景美,2026-04-09,17002,16388.691497271015
景美,2026-04-10,18151,17551.07242131674
景美,2026-04-11,14982,13626.022209703598
景美,2026-04-12,11838,12416.09998072584
景美,2026-04-13,15947,15617.905932737152
景美,2026-04-14,17102,16551.276933927486
景美,2026-04-15,16604,16835.081010785434
景美,2026-04-16,16892,16757.298130903062
景美,2026-04-17,17762,17614.69706503606
景美,2026-04-18,14312,14171.950939734044
景美,2026-04-19,12454,11861.639528950633
景美,2026-04-20,15939,15885.23510781314
景美,2026-04-21,16902,16687.264022207757
景美,2026-04-22,17014,16643.676659723573
景美,2026-04-23,16526,16891.93829143183
景美,2026-04-24,17536,17409.722479623768
景美,2026-04-25,14324,13960.611084590008
景美,2026-04-26,12785,12031.863711374666
景美,2026-04-27,16112,16005.247142685925
景美,2026-04-28,17060,16768.345688771096
景美,2026-04-29,17233,16839.807582939873
景美,2026-04-30,17964,16909.22779618934
景美,2026-05-01,13743,12701.05663370344
景美,2026-05-02,13399,14930.172409924073
景美,2026-05-03,11504,11826.17405912864
景美,2026-05-04,15981,15331.047190691015
景美,2026-05-05,16336,16605.267967745465
景美,2026-05-06,17467,16488.254584529954
景美,2026-05-07,17637,17219.64283554609
景美,2026-05-08,18060,18171.08635442695
景美,2026-05-09,13970,13984.889157630803
景美,2026-05-10,11752,11829.020362772306
景美,2026-05-11,16021,15602.340091012478
景美,2026-05-12,16944,16549.70417480084
景美,2026-05-13,16495,16938.075172702072
景美,2026-05-14,16567,16748.053286608265
景美,2026-05-15,18137,17405.699509447775
景美,2026-05-16,15292,14111.044944429625
景美,2026-05-17,13030,12475.747304918215
景美,2026-05-18,15734,16338.413337008918
景美,2026-05-19,16674,16646.375577592782
景美,2026-05-20,16605,16570.411979767752
景美,2026-05-21,16862,16663.086394290895
景美,2026-05-22,17478,17698.547758449542
景美,2026-05-23,14789,14092.884007714125
景美,2026-05-24,12311,12306.236651833726
景美,2026-05-25,15798,15736.91738887388
景美,2026-05-26,16499,16565.639851595304
景美,2026-05-27,16634,16520.29767770031
景美,2026-05-28,16550,16713.577998173238
景美,2026-05-29,17644,17399.98131850437
景美,2026-05-30,14880,14140.650278730747
景美,2026-05-31,12496,12289.956170815636
木柵,2026-01-01,2304,2913.63999792258
木柵,2026-01-02,4881,4322.196043642742
木柵,2026-01-03,3525,3568.057082920987
木柵,2026-01-04,3162,2901.460933759028
木柵,2026-01-05,4744,4654.973686246164
木柵,2026-01-06,4760,4761.75636999844
木柵,2026-01-07,4874,4600.596178280335
木柵,2026-01-08,4767,4623.306546467662
木柵,2026-01-09,5103,4971.523990996577
木柵,2026-01-10,3660,3739.894831215191
木柵,2026-01-11,2963,3035.8024391502017
木柵,2026-01-12,4642,4512.891573418687
木柵,2026-01-13,4718,4666.409312252785
木柵,2026-01-14,4845,4679.076144362717
木柵,2026-01-15,4754,4706.48579779152
木柵,2026-01-16,5309,4933.405828400563
木柵,2026-01-17,4038,3828.787968285381
木柵,2026-01-18,3560,3190.032168114448
木柵,2026-01-19,4357,4830.509975277168
木柵,2026-01-20,4597,4577.669252691611
木柵,2026-01-21,4606,4615.5999676676975
木柵,2026-01-22,4437,4584.578229527965
木柵,2026-01-23,4908,4809.242187495913
木柵,2026-01-24,3221,3658.849813160166
木柵,2026-01-25,3034,2836.9889792308754
木柵,2026-01-26,4185,4418.793830987064
木柵,2026-01-27,4018,4449.186481461882
木柵,2026-01-28,3908,4297.413740548071
木柵,2026-01-29,4077,4176.057362618956
木柵,2026-01-30,4235,4558.386821400351
木柵,2026-01-31,3396,3205.234578172444
木柵,2026-02-01,2463,2867.6831719090965
木柵,2026-02-02,3825,4156.47818868472
木柵,2026-02-03,4068,4159.500250174243
木柵,2026-02-04,4127,4221.666068484077
木柵,2026-02-05,4157,4278.2116205463
木柵,2026-02-06,4163,4537.761281014287
木柵,2026-02-07,3134,3256.062678604015
木柵,2026-02-08,2639,2639.908222608967
木柵,2026-02-09,3729,4195.943387653078
木柵,2026-02-10,3896,4152.368136851919
木柵,2026-02-11,4012,4158.759294037591
木柵,2026-02-12,3777,4201.924173600684
木柵,2026-02-13,3677,4311.987267418527
木柵,2026-02-14,3031,2959.462927135922
木柵,2026-02-15,2417,2594.3029919377336
木柵,2026-02-16,1503,2506.534339934319
木柵,2026-02-17,2008,2242.856634406865
木柵,2026-02-18,2493,2398.639245545054
木柵,2026-02-19,3569,2587.0111076683443
木柵,2026-02-20,3145,3370.378447999194
木柵,2026-02-21,3292,3538.301394115773
木柵,2026-02-22,2830,2770.518498470685
木柵,2026-02-23,4633,4138.6144625897605
木柵,2026-02-24,4788,4560.43412847225
木柵,2026-02-25,4755,4674.032851063956
木柵,2026-02-26,5168,4788.147051472254
木柵,2026-02-27,3740,3501.281820059791
木柵,2026-02-28,3347,3787.888478881672
木柵,2026-03-01,2720,2868.7160886592105
木柵,2026-03-02,4710,4297.924306924374
木柵,2026-03-03,4699,4660.899452204406
木柵,2026-03-04,4589,4642.057988120972
木柵,2026-03-05,4752,4670.893503783981
木柵,2026-03-06,4992,4870.353853803625
木柵,2026-03-07,3545,3584.67905995304
木柵,2026-03-08,3005,2912.885095075127
木柵,2026-03-09,4662,4480.127049059408
木柵,2026-03-10,4701,4644.287534675943
木柵,2026-03-11,4908,4623.513522314339
木柵,2026-03-12,4932,4784.857777730504
木柵,2026-03-13,5195,4978.444100187668
木柵,2026-03-14,4255,3740.95574706178
木柵,2026-03-15,3368,3301.645338301937
木柵,2026-03-16,4717,4686.96301835505
木柵,2026-03-17,4860,4704.967866859699
木柵,2026-03-18,4898,4762.749377759255
木柵,2026-03-19,4740,4802.032119799724
木柵,2026-03-20,5063,4909.586432018325
木柵,2026-03-21,3872,3766.833221003874
木柵,2026-03-22,3309,3110.8397522614628
木柵,2026-03-23,4631,4610.962139042107
木柵,2026-03-24,4775,4676.442803505134
木柵,2026-03-25,4886,4709.038174255716
木柵,2026-03-26,4835,4760.786318144694
木柵,2026-03-27,4876,4955.361656231177
木柵,2026-03-28,3591,3647.766758280782
木柵,2026-03-29,2861,2991.0750760478145
木柵,2026-03-30,4734,4372.1789409415005
木柵,2026-03-31,4960,4693.21605681039
木柵,2026-04-01,4707,4813.203292729893
木柵,2026-04-02,4984,4704.839903673103
木柵,2026-04-03,3116,3478.324433342952
木柵,2026-04-04,2549,3505.0781097071863
木柵,2026-04-05,2990,2428.834890238278
木柵,2026-04-06,2288,2919.13283625104
木柵,2026-04-07,4513,4273.657663343141
木柵,2026-04-08,4853,4495.196554634582
木柵,2026-04-09,4846,4778.644267140082
木柵,2026-04-10,5039,4862.75111471586
木柵,2026-04-11,3888,3531.965409915644
木柵,2026-04-12,3785,3209.7695577411446
木柵,2026-04-13,4703,4747.640125229439
木柵,2026-04-14,4642,4789.119553064147
木柵,2026-04-15,4628,4698.9075307694575
木柵,2026-04-16,4650,4669.622045157367
木柵,2026-04-17,4944,4827.049413868812
木柵,2026-04-18,3458,3637.9465215250952
木柵,2026-04-19,3236,3037.656655127367
木柵,2026-04-20,4684,4508.759257924503
木柵,2026-04-21,4789,4683.54692666122
木柵,2026-04-22,4737,4712.766514860978
木柵,2026-04-23,4604,4716.080764918058
木柵,2026-04-24,4801,4820.365253086126
木柵,2026-04-25,3381,3510.6304455579034
木柵,2026-04-26,3206,2956.4136959080083
木柵,2026-04-27,4756,4531.915301165917
木柵,2026-04-28,4955,4745.897282773389
木柵,2026-04-29,4789,4804.0062487210935
木柵,2026-04-30,4942,4733.51059428692
木柵,2026-05-01,3685,3465.504379802548
木柵,2026-05-02,3989,3713.825974903296
木柵,2026-05-03,2737,3291.593685183468
木柵,2026-05-04,4617,4373.449909800884
木柵,2026-05-05,4737,4681.280153697092
木柵,2026-05-06,4651,4681.569031510513
木柵,2026-05-07,4737,4699.975516981474
木柵,2026-05-08,4916,4899.231900657529
木柵,2026-05-09,3366,3631.849275034989
木柵,2026-05-10,2814,2842.6497605819227
木柵,2026-05-11,4666,4383.0090388727
木柵,2026-05-12,4646,4689.934867380889
木柵,2026-05-13,4653,4636.84216542514
木柵,2026-05-14,4570,4681.032067170127
木柵,2026-05-15,5009,4797.677420954825
木柵,2026-05-16,4005,3590.7551593434177
木柵,2026-05-17,3557,3205.074826170488
木柵,2026-05-18,4562,4803.896754920623
木柵,2026-05-19,4652,4678.455745725819
木柵,2026-05-20,4667,4646.799459192953
木柵,2026-05-21,4667,4661.88544533346
木柵,2026-05-22,4922,4877.870177629954
木柵,2026-05-23,3978,3653.9177986127056
木柵,2026-05-24,2952,3259.926264347802
木柵,2026-05-25,4559,4433.362388404263
木柵,2026-05-26,4607,4635.264497042214
木柵,2026-05-27,4649,4621.638863335078
木柵,2026-05-28,4570,4661.405642233845
木柵,2026-05-29,4720,4813.954827581681
木柵,2026-05-30,3654,3566.228669842894
木柵,2026-05-31,2950,2998.7160588916936
東湖,2026-01-01,4903,5934.041372060508
東湖,2026-01-02,9144,9401.71658381852
東湖,2026-01-03,6546,6849.48091203168
東湖,2026-01-04,5551,5474.39466790822
東湖,2026-01-05,8936,8968.001980892837
東湖,2026-01-06,9210,9393.12319680838
東湖,2026-01-07,9335,9359.63441795711
東湖,2026-01-08,9324,9215.519496068006
東湖,2026-01-09,10030,9841.284835084152
東湖,2026-01-10,7164,7166.239207519888
東湖,2026-01-11,5527,5710.746288340324
東湖,2026-01-12,9034,8880.641181764238
東湖,2026-01-13,9343,9404.434849047204
東湖,2026-01-14,9208,9411.69185084444
東湖,2026-01-15,9449,9225.21232312343
東湖,2026-01-16,9981,9973.359945067186
東湖,2026-01-17,7089,7143.420534896646
東湖,2026-01-18,5577,5645.474165491345
東湖,2026-01-19,8901,8940.586827466723
東湖,2026-01-20,10121,9328.3040568402
東湖,2026-01-21,9310,9791.639764643156
東湖,2026-01-22,9481,9214.58746810231
東湖,2026-01-23,10235,9991.778835217609
東湖,2026-01-24,6978,7258.135640952249
東湖,2026-01-25,5987,5558.833792774674
東湖,2026-01-26,8216,9153.068782417477
東湖,2026-01-27,8454,9068.413502562713
東湖,2026-01-28,8431,8970.62693064935
東湖,2026-01-29,9064,8981.218246107928
東湖,2026-01-30,9694,9885.315124654271
東湖,2026-01-31,7225,6973.378270606681
東湖,2026-02-01,5570,5822.619880276619
東湖,2026-02-02,8134,8734.213639371723
東湖,2026-02-03,8747,8930.309412101657
東湖,2026-02-04,9127,9052.0732580588
東湖,2026-02-05,9306,9296.433762155428
東湖,2026-02-06,9453,9881.908768518377
東湖,2026-02-07,7839,6902.209317609691
東湖,2026-02-08,6789,6095.599290858376
東湖,2026-02-09,8649,9225.808432081403
東湖,2026-02-10,9634,9065.869016768727
東湖,2026-02-11,9334,9521.398872887808
東湖,2026-02-12,9632,9295.294012098377
東湖,2026-02-13,9718,9982.547191334002
東湖,2026-02-14,7875,7146.590218061943
東湖,2026-02-15,6952,6226.693590721863
東湖,2026-02-16,4699,5565.225806780038
東湖,2026-02-17,6935,5339.188493427824
東湖,2026-02-18,7618,6339.235138104974
東湖,2026-02-19,9310,6537.842859876319
東湖,2026-02-20,8243,7965.687180721094
東湖,2026-02-21,8942,7879.013002962514
東湖,2026-02-22,7480,6691.704824169312
東湖,2026-02-23,9619,9316.80612245166
東湖,2026-02-24,9998,9854.659840073227
東湖,2026-02-25,9837,9803.802126508812
東湖,2026-02-26,10390,10053.649846277029
東湖,2026-02-27,7111,6862.039833627136
東湖,2026-02-28,7211,7721.530408985425
東湖,2026-03-01,5690,5970.569456357034
東湖,2026-03-02,9406,8714.44051324633
東湖,2026-03-03,9402,9838.731994299424
東湖,2026-03-04,9622,9409.709870718443
東湖,2026-03-05,10044,9900.23450422846
東湖,2026-03-06,10385,10219.972816736625
東湖,2026-03-07,7290,7485.96972007779
東湖,2026-03-08,5818,5924.676893807466
東湖,2026-03-09,9277,8871.914564657629
東湖,2026-03-10,9565,9666.77227928014
東湖,2026-03-11,9880,9540.145961850734
東湖,2026-03-12,9775,9996.304149577716
東湖,2026-03-13,10135,10069.105660083273
東湖,2026-03-14,7351,7391.012800824879
東湖,2026-03-15,6153,5971.99810514518
東湖,2026-03-16,9317,9054.945164158033
東湖,2026-03-17,9732,9657.88752395032
東湖,2026-03-18,9921,9674.60774196984
東湖,2026-03-19,9632,9944.73632184395
東湖,2026-03-20,10315,9996.171280181508
東湖,2026-03-21,7236,7507.765399767373
東湖,2026-03-22,6036,5926.860628900617
東湖,2026-03-23,9145,9032.292808577517
東湖,2026-03-24,9749,9601.508173858196
東湖,2026-03-25,9697,9722.32517820774
東湖,2026-03-26,9521,9782.68304442267
東湖,2026-03-27,10266,10019.6153318972
東湖,2026-03-28,6946,7445.524173486347
東湖,2026-03-29,5652,5791.978053888717
東湖,2026-03-30,9241,8872.245855934869
東湖,2026-03-31,9448,9710.911404745044
東湖,2026-04-01,9345,9526.034917939794
東湖,2026-04-02,9844,9621.14119902278
東湖,2026-04-03,5905,6740.464910221333
東湖,2026-04-04,5245,6889.679642011166
東湖,2026-04-05,5200,5012.368441414748
東湖,2026-04-06,5058,5380.327154981889
東湖,2026-04-07,9324,9319.01908731432
東湖,2026-04-08,9669,9512.735152511968
東湖,2026-04-09,9691,9839.017756388334
東湖,2026-04-10,10149,9958.64318673532
東湖,2026-04-11,7139,7041.850551968937
東湖,2026-04-12,5869,5918.050640714062
東湖,2026-04-13,9118,8929.193062426764
東湖,2026-04-14,9163,9589.681207612528
東湖,2026-04-15,9154,9408.646054548044
東湖,2026-04-16,9131,9572.97932407504
東湖,2026-04-17,9948,9814.684079037728
東湖,2026-04-18,7092,7120.723894344299
東湖,2026-04-19,5763,5885.410448730776
東湖,2026-04-20,8990,8930.307492196753
東湖,2026-04-21,9402,9463.0231510024
東湖,2026-04-22,9504,9489.098919458836
東湖,2026-04-23,9323,9649.456712882373
東湖,2026-04-24,10099,9892.334044200865
東湖,2026-04-25,6993,7179.564954531794
東湖,2026-04-26,6323,5800.976817655699
東湖,2026-04-27,9204,9230.534418042307
東湖,2026-04-28,9519,9516.005704335472
東湖,2026-04-29,9597,9558.123356701091
東湖,2026-04-30,9908,9656.33105033482
東湖,2026-05-01,6918,6709.567740169383
東湖,2026-05-02,6683,7240.522841490998
東湖,2026-05-03,5461,5720.828316558576
東湖,2026-05-04,9146,8826.473599599607
東湖,2026-05-05,9483,9588.555858734186
東湖,2026-05-06,9630,9530.960696061018
東湖,2026-05-07,9756,9748.799531645387
東湖,2026-05-08,10152,10147.47531728933
東湖,2026-05-09,7027,7040.509714177106
東湖,2026-05-10,5569,5844.82690204274
東湖,2026-05-11,8902,8889.783098152186
東湖,2026-05-12,9368,9444.85787973906
東湖,2026-05-13,9228,9517.72144117077
東湖,2026-05-14,9284,9538.12925566837
東湖,2026-05-15,10094,9941.585084710565
東湖,2026-05-16,7189,7091.9498884932345
東湖,2026-05-17,6001,5888.855153935121
東湖,2026-05-18,8996,9072.150472261555
東湖,2026-05-19,9575,9437.461349482308
東湖,2026-05-20,9421,9565.75318430092
東湖,2026-05-21,9532,9564.607141930954
東湖,2026-05-22,10206,10075.397697322269
東湖,2026-05-23,7244,7143.412369187623
東湖,2026-05-24,5843,5947.913355495788
東湖,2026-05-25,8940,8971.131517677031
東湖,2026-05-26,9227,9459.209281308958
東湖,2026-05-27,9177,9383.499654536345
東湖,2026-05-28,9192,9493.396602915016
東湖,2026-05-29,9606,9935.301901706553
東湖,2026-05-30,6991,6887.1023434099225
東湖,2026-05-31,5629,5859.952183769465
東門,2026-01-01,21746,22969.55139386706
東門,2026-01-02,30633,31075.07969859392
東門,2026-01-03,26076,26958.924065876905
東門,2026-01-04,21346,22379.439903444956
東門,2026-01-05,27187,26723.50055139382
東門,2026-01-06,27811,28340.105960736382
東門,2026-01-07,28285,28496.559779445222
東門,2026-01-08,28489,28584.856546271523
東門,2026-01-09,30893,30433.02035802179
東門,2026-01-10,26388,26715.165287693337
東門,2026-01-11,23131,22248.58648464673
東門,2026-01-12,26698,27490.65499536558
東門,2026-01-13,28334,28191.22719373996
東門,2026-01-14,27845,28682.081425450117
東門,2026-01-15,28802,28496.583859681086
東門,2026-01-16,30679,30635.175108142663
東門,2026-01-17,25880,26620.08933657833
東門,2026-01-18,21749,22239.850509878524
東門,2026-01-19,26537,26684.49933271265
東門,2026-01-20,27989,27978.119088086554
東門,2026-01-21,27854,28300.4260519964
東門,2026-01-22,27441,28500.69831735232
東門,2026-01-23,29784,30061.46262289715
東門,2026-01-24,26519,25945.821271306675
東門,2026-01-25,22346,22204.937123036903
東門,2026-01-26,26088,26949.23355077752
東門,2026-01-27,26922,27877.84592369437
東門,2026-01-28,27156,27777.00868715677
東門,2026-01-29,27741,27851.479256546467
東門,2026-01-30,28896,29993.918682176223
東門,2026-01-31,25380,25727.491671453037
東門,2026-02-01,20934,21679.137600866867
東門,2026-02-02,25603,26035.10204057998
東門,2026-02-03,27304,27258.07574107523
東門,2026-02-04,28190,27690.005264669424
東門,2026-02-05,28397,28287.874303173667
東門,2026-02-06,30240,30173.17403776761
東門,2026-02-07,26669,26301.2827175111
東門,2026-02-08,22569,22245.728971133496
東門,2026-02-09,25923,26856.57542314557
東門,2026-02-10,27902,27698.53763600212
東門,2026-02-11,27402,28177.137352109305
東門,2026-02-12,28389,28109.23556979818
東門,2026-02-13,28342,30157.273882734786
東門,2026-02-14,22251,25601.78440888725
東門,2026-02-15,18400,20314.499488031983
東門,2026-02-16,10606,10202.106195504724
東門,2026-02-17,11412,12396.627424534254
東門,2026-02-18,13898,12535.309911107131
東門,2026-02-19,15984,13860.934958242517
東門,2026-02-20,17610,23294.653629175373
東門,2026-02-21,19943,23675.76091683049
東門,2026-02-22,18768,18605.81861519949
東門,2026-02-23,24768,24241.717741249227
東門,2026-02-24,26472,26282.620764428008
東門,2026-02-25,27197,27346.88550563885
東門,2026-02-26,28920,28210.501787556685
東門,2026-02-27,24342,21614.29831204803
東門,2026-02-28,25140,25559.72823588327
東門,2026-03-01,20915,21575.403394812587
東門,2026-03-02,26431,26084.30141764956
東門,2026-03-03,27368,27560.25954177882
東門,2026-03-04,28033,28003.350842143333
東門,2026-03-05,28971,28845.974604590152
東門,2026-03-06,31876,29723.978084241677
東門,2026-03-07,28503,25809.575554549352
東門,2026-03-08,23649,22856.74924542426
東門,2026-03-09,27461,27674.71591065719
東門,2026-03-10,28274,28403.00027817459
東門,2026-03-11,29201,28649.9312911736
東門,2026-03-12,30004,29511.377038801616
東門,2026-03-13,32543,30702.149330088843
東門,2026-03-14,30005,26838.990926520517
東門,2026-03-15,25869,23787.002401802885
東門,2026-03-16,27923,28742.66704832289
東門,2026-03-17,29735,28913.92470009494
東門,2026-03-18,30072,29513.64977682618
東門,2026-03-19,30070,30188.6519458319
東門,2026-03-20,33265,31208.62483036415
東門,2026-03-21,31230,27751.509803378925
東門,2026-03-22,25036,24789.661631145333
東門,2026-03-23,27788,28430.74533124416
東門,2026-03-24,29590,28985.61344174704
東門,2026-03-25,29318,29520.08338974402
東門,2026-03-26,29767,29816.42886912084
東門,2026-03-27,31323,31340.879665578093
東門,2026-03-28,28816,27502.18690519945
東門,2026-03-29,23966,23535.34282757689
東門,2026-03-30,27478,27516.781842182267
東門,2026-03-31,28157,28708.52746334789
東門,2026-04-01,27729,28767.161921163428
東門,2026-04-02,29598,28956.62178543097
東門,2026-04-03,21736,23768.71405334587
東門,2026-04-04,21432,26574.059745348502
東門,2026-04-05,20469,20305.422877605142
東門,2026-04-06,18070,17939.452187825933
東門,2026-04-07,26380,26927.494939309785
東門,2026-04-08,27722,27339.111095415046
東門,2026-04-09,28401,28711.831767722564
東門,2026-04-10,30755,29919.902148183035
東門,2026-04-11,27257,26036.71604749495
東門,2026-04-12,22509,22844.817883003478
東門,2026-04-13,26867,26731.76798371024
東門,2026-04-14,27990,27979.516530574016
東門,2026-04-15,28630,28452.970122544542
東門,2026-04-16,28565,29300.13729113563
東門,2026-04-17,31243,30430.800818172345
東門,2026-04-18,27452,26735.56736738403
東門,2026-04-19,22656,22934.73909117057
東門,2026-04-20,26398,26864.943801035
東門,2026-04-21,27863,27845.22777308969
東門,2026-04-22,28240,28379.0143629228
東門,2026-04-23,28037,28971.736346796468
東門,2026-04-24,31361,30301.518239034664
東門,2026-04-25,27610,26813.12200312761
東門,2026-04-26,23698,22941.492554133496
東門,2026-04-27,26730,27201.043788444607
東門,2026-04-28,27802,28116.99604683669
東門,2026-04-29,28189,28401.78472553388
東門,2026-04-30,30167,28802.572067740835
東門,2026-05-01,24451,24180.22432866957
東門,2026-05-02,26793,27317.838183005348
東門,2026-05-03,23912,22889.174921062648
東門,2026-05-04,29404,27139.836610853803
東門,2026-05-05,28940,29135.984679534173
東門,2026-05-06,28727,29153.98312351562
東門,2026-05-07,28531,29573.355239795503
東門,2026-05-08,30186,30848.329375114037
東門,2026-05-09,25911,26446.42254499279
東門,2026-05-10,21556,22491.99357114574
東門,2026-05-11,26184,26490.901615933617
東門,2026-05-12,27435,27462.198972621423
東門,2026-05-13,27474,27962.76072098049
東門,2026-05-14,27264,28470.15084950413
東門,2026-05-15,30277,29932.04209009523
東門,2026-05-16,27590,26153.55935409349
東門,2026-05-17,22795,22881.10684319245
東門,2026-05-18,26333,27041.854347724297
東門,2026-05-19,27312,27734.86682393073
東門,2026-05-20,27961,27910.99457376504
東門,2026-05-21,28078,28463.014457020367
東門,2026-05-22,30400,30415.69159191604
東門,2026-05-23,27959,26635.4579388317
東門,2026-05-24,23034,23093.99127841694
東門,2026-05-25,26623,27061.978558833667
東門,2026-05-26,27175,27814.976833433164
東門,2026-05-27,27784,27933.59930848455
東門,2026-05-28,28177,28353.059821692477
東門,2026-05-29,30450,30419.504852016733
東門,2026-05-30,27151,26884.613295101903
東門,2026-05-31,21798,22767.963246538016
松山,2026-01-01,18799,18462.595873342736
松山,2026-01-02,30783,30110.878317463263
松山,2026-01-03,22133,22145.680481154213
松山,2026-01-04,18002,18626.97670803819
松山,2026-01-05,28710,28041.72083501068
松山,2026-01-06,28406,28777.88302859761
松山,2026-01-07,29326,28701.654403571847
松山,2026-01-08,29054,28832.439877775265
松山,2026-01-09,31231,30597.126746016696
松山,2026-01-10,22071,22425.377272962138
松山,2026-01-11,18198,18600.405307233414
松山,2026-01-12,28136,28262.18874908254
松山,2026-01-13,28498,28566.49618490911
松山,2026-01-14,29064,28772.589991271016
松山,2026-01-15,29042,28776.840073089705
松山,2026-01-16,30512,30670.915747309653
松山,2026-01-17,22150,22113.67828081724
松山,2026-01-18,18230,18462.04124047578
松山,2026-01-19,27319,28228.52390966202
松山,2026-01-20,28599,28280.633714603227
松山,2026-01-21,28237,28758.292483568763
松山,2026-01-22,27381,28528.252037610146
松山,2026-01-23,30581,29992.55812025403
松山,2026-01-24,20958,21901.197100247
松山,2026-01-25,17941,17949.76567136333
松山,2026-01-26,28519,27801.615986319608
松山,2026-01-27,27413,28630.376909946783
松山,2026-01-28,28635,28388.26891600615
松山,2026-01-29,29195,28356.240526854453
松山,2026-01-30,31229,30698.7769111774
松山,2026-01-31,20332,22171.29773636173
松山,2026-02-01,15887,17902.393132067114
松山,2026-02-02,28250,27234.51466497902
松山,2026-02-03,29259,28077.27787653315
松山,2026-02-04,30093,28908.324450025688
松山,2026-02-05,29763,29152.422600318565
松山,2026-02-06,30023,31219.836957206877
松山,2026-02-07,20781,21609.303184087057
松山,2026-02-08,17556,17610.20037495704
松山,2026-02-09,28076,27982.54652633518
松山,2026-02-10,28821,28431.6286761812
松山,2026-02-11,28116,29028.43994711999
松山,2026-02-12,28460,28582.162328465274
松山,2026-02-13,28257,30335.949273745304
松山,2026-02-14,17209,20631.23426367352
松山,2026-02-15,14135,16119.732534077222
松山,2026-02-16,10267,16029.79995565484
松山,2026-02-17,21468,15126.041491047908
松山,2026-02-18,20135,18402.73970411905
松山,2026-02-19,23032,18956.67365270215
松山,2026-02-20,23644,22067.927922003862
松山,2026-02-21,23445,22400.16771692658
松山,2026-02-22,17281,18687.27248843322
松山,2026-02-23,26797,27436.87225068733
松山,2026-02-24,27137,29354.325368623307
松山,2026-02-25,28924,28526.306425243813
松山,2026-02-26,29408,29300.32307464733
松山,2026-02-27,20313,20798.872500490488
松山,2026-02-28,20687,20914.50118706774
松山,2026-03-01,17024,16922.42003161867
松山,2026-03-02,28032,26665.057248041303
松山,2026-03-03,27770,29157.12888282381
松山,2026-03-04,27928,28870.80389861186
松山,2026-03-05,29290,29105.6452603675
松山,2026-03-06,30647,30355.93032122553
松山,2026-03-07,23053,21021.74135185903
松山,2026-03-08,18731,17763.083103356115
松山,2026-03-09,28175,27765.10056232388
松山,2026-03-10,28235,29272.30741622656
松山,2026-03-11,30975,28994.10466918892
松山,2026-03-12,29957,30241.39208254052
松山,2026-03-13,31549,31029.556308837346
松山,2026-03-14,24120,21900.59465626271
松山,2026-03-15,19725,18475.043975761637
松山,2026-03-16,28817,28366.4444450434
松山,2026-03-17,29808,29490.29326201276
松山,2026-03-18,30262,30000.22788091232
松山,2026-03-19,29645,30203.145219786133
松山,2026-03-20,32022,31022.94793550224
松山,2026-03-21,23966,22413.34780765068
松山,2026-03-22,20731,18689.62668678519
松山,2026-03-23,29226,28773.373100564026
松山,2026-03-24,28756,29796.56500589609
松山,2026-03-25,29196,29801.589813579874
松山,2026-03-26,29258,29663.36681726283
松山,2026-03-27,31954,30909.777715470267
松山,2026-03-28,21463,22562.90611395611
松山,2026-03-29,17839,18182.889686582497
松山,2026-03-30,28280,27587.651331887268
松山,2026-03-31,28061,28840.27796331386
松山,2026-04-01,28179,29183.64630439235
松山,2026-04-02,29891,29068.882597351098
松山,2026-04-03,19607,21351.74859463186
松山,2026-04-04,17310,21534.143393495902
松山,2026-04-05,19275,16459.753791804687
松山,2026-04-06,16067,17806.856975265804
松山,2026-04-07,26507,27843.999681086232
松山,2026-04-08,28188,28182.079857003067
松山,2026-04-09,28772,28910.56220943472
松山,2026-04-10,31488,30332.54065917512
松山,2026-04-11,22982,21312.887356119936
松山,2026-04-12,18250,18998.415730335662
松山,2026-04-13,27937,27682.67408365505
松山,2026-04-14,28152,28453.4976353677
松山,2026-04-15,28098,29029.60488343631
松山,2026-04-16,28097,29172.432716631552
松山,2026-04-17,30075,30411.52566101683
松山,2026-04-18,21205,21084.32779593092
松山,2026-04-19,18128,18109.166229625414
松山,2026-04-20,27627,27398.60903106409
松山,2026-04-21,28137,28176.18780496004
松山,2026-04-22,28254,28781.119918627453
松山,2026-04-23,26277,29003.76866010102
松山,2026-04-24,28373,29767.825049221738
松山,2026-04-25,20582,20336.902935768896
松山,2026-04-26,19276,17620.998214228424
松山,2026-04-27,28046,27635.333457395616
松山,2026-04-28,28540,28377.71647570738
松山,2026-04-29,27717,28895.07182991051
松山,2026-04-30,28596,28425.50883985711
松山,2026-05-01,22636,20487.59189087944
松山,2026-05-02,22047,21963.197709239088
松山,2026-05-03,17785,18972.2526542164
松山,2026-05-04,27645,27610.48440404116
松山,2026-05-05,26869,28238.789239644084
松山,2026-05-06,28755,28079.05784931413
松山,2026-05-07,28472,28562.070404095484
松山,2026-05-08,29518,30618.58864709081
松山,2026-05-09,21470,21037.30254534266
松山,2026-05-10,17596,18235.21722961111
松山,2026-05-11,27803,27358.92612829538
松山,2026-05-12,28368,27956.77718927335
松山,2026-05-13,26216,28667.93535301801
松山,2026-05-14,27294,27890.25411035043
松山,2026-05-15,30505,29806.27511066087
松山,2026-05-16,22271,21205.362483902045
松山,2026-05-17,18935,18415.99033061886
松山,2026-05-18,27219,27984.055813806757
松山,2026-05-19,27533,28034.226119411236
松山,2026-05-20,28216,27972.73745926731
松山,2026-05-21,27805,28341.634645353624
松山,2026-05-22,29819,30296.35637117864
松山,2026-05-23,22073,21304.94057250777
松山,2026-05-24,17655,18407.278300345944
松山,2026-05-25,27290,27397.12102801883
松山,2026-05-26,27591,27803.981331249524
松山,2026-05-27,27790,27972.92787578492
松山,2026-05-28,27928,28093.973038521824
松山,2026-05-29,29062,30199.734428040807
松山,2026-05-30,21647,21188.81858386144
松山,2026-05-31,18157,18044.89382565645
松山機場,2026-01-01,4056,4928.079158691904
松山機場,2026-01-02,5025,5621.861621287944
松山機場,2026-01-03,4173,4254.156702081904
松山機場,2026-01-04,4520,4530.7797565760375
松山機場,2026-01-05,5193,5534.102568058807
松山機場,2026-01-06,4895,5131.669672183608
松山機場,2026-01-07,4831,5394.926913613223
松山機場,2026-01-08,4948,5212.858624221068
松山機場,2026-01-09,5654,5638.565981934216
松山機場,2026-01-10,4553,4517.723188951308
松山機場,2026-01-11,4118,4632.271265377291
松山機場,2026-01-12,4893,5238.132024147072
松山機場,2026-01-13,4934,5022.262820505664
松山機場,2026-01-14,4957,5324.184977335093
松山機場,2026-01-15,5116,5229.525351585572
松山機場,2026-01-16,5439,5720.010228488619
松山機場,2026-01-17,4554,4395.497032420291
松山機場,2026-01-18,4061,4582.722888928733
松山機場,2026-01-19,5123,5139.766259532188
松山機場,2026-01-20,5146,5139.71261724653
松山機場,2026-01-21,5000,5332.436577158291
松山機場,2026-01-22,5237,5214.695520305153
松山機場,2026-01-23,5912,5730.06790920357
松山機場,2026-01-24,4412,4641.1835852368895
松山機場,2026-01-25,4527,4356.408804624147
松山機場,2026-01-26,5241,5422.303663609253
松山機場,2026-01-27,5403,5111.448982644784
松山機場,2026-01-28,5228,5418.260945099404
松山機場,2026-01-29,5673,5290.306348665057
松山機場,2026-01-30,6012,5963.833962398927
松山機場,2026-01-31,4160,4584.190613089038
松山機場,2026-02-01,3952,4273.889629518892
松山機場,2026-02-02,5132,5141.094823088833
松山機場,2026-02-03,5162,5189.342428511171
松山機場,2026-02-04,5523,5260.731548330161
松山機場,2026-02-05,5428,5548.327676559964
松山機場,2026-02-06,5695,5785.289670941198
松山機場,2026-02-07,4070,4412.341346729823
松山機場,2026-02-08,3883,4200.435898767704
松山機場,2026-02-09,5214,5112.142792585471
松山機場,2026-02-10,5406,5230.424327326669
松山機場,2026-02-11,5183,5417.128643236446
松山機場,2026-02-12,5218,5315.382645931861
松山機場,2026-02-13,5270,5728.927062913309
松山機場,2026-02-14,3723,4157.687627060854
松山機場,2026-02-15,3238,4039.558137061463
松山機場,2026-02-16,2683,3439.8016299222595
松山機場,2026-02-17,3815,3386.5467020214296
松山機場,2026-02-18,4283,4026.385232588224
松山機場,2026-02-19,4659,4130.775230040206
松山機場,2026-02-20,4354,4964.229917834182
松山機場,2026-02-21,4463,4031.6119318220913
松山機場,2026-02-22,4669,4290.17742216112
松山機場,2026-02-23,5682,5297.4497865600015
松山機場,2026-02-24,5439,5472.773340643762
松山機場,2026-02-25,5351,5393.116757904494
松山機場,2026-02-26,5810,5489.455487028466
松山機場,2026-02-27,3958,4781.73579622103
松山機場,2026-02-28,4194,3943.9185765154384
松山機場,2026-03-01,4338,4292.624779988279
松山機場,2026-03-02,5164,5238.785480333877
松山機場,2026-03-03,5222,5244.735802199039
松山機場,2026-03-04,5478,5341.61653897052
松山機場,2026-03-05,5334,5614.467945616552
松山機場,2026-03-06,5671,5412.935558800573
松山機場,2026-03-07,4419,4408.397374575738
松山機場,2026-03-08,3977,4269.743393054321
松山機場,2026-03-09,5257,5045.930292733126
松山機場,2026-03-10,5174,5343.623598358671
松山機場,2026-03-11,5531,5309.525382944192
松山機場,2026-03-12,5703,5603.558765215599
松山機場,2026-03-13,5948,5644.139913673633
松山機場,2026-03-14,4563,4489.816265133386
松山機場,2026-03-15,4653,4261.52068511371
松山機場,2026-03-16,5627,5409.576241523174
松山機場,2026-03-17,5686,5394.51440839353
松山機場,2026-03-18,5677,5577.743676984974
松山機場,2026-03-19,5758,5624.844869019087
松山機場,2026-03-20,6328,5722.508249691694
松山機場,2026-03-21,4763,4684.323462362134
松山機場,2026-03-22,4797,4378.44557771924
松山機場,2026-03-23,5564,5503.772317927517
松山機場,2026-03-24,5446,5399.102440060146
松山機場,2026-03-25,5710,5487.596894999642
松山機場,2026-03-26,5941,5697.276267749691
松山機場,2026-03-27,6342,5901.451893388736
松山機場,2026-03-28,4771,4679.789639481833
松山機場,2026-03-29,4344,4456.538125145904
松山機場,2026-03-30,5485,5280.3530330286885
松山機場,2026-03-31,5474,5437.306574401036
松山機場,2026-04-01,5787,5528.550036851099
松山機場,2026-04-02,5931,5776.391780945568
松山機場,2026-04-03,4016,4920.926213767272
松山機場,2026-04-04,4112,4050.90727983189
松山機場,2026-04-05,4654,4306.143862182427
松山機場,2026-04-06,4657,4479.295842298254
松山機場,2026-04-07,6442,5482.29148547798
松山機場,2026-04-08,6038,6044.132002305332
松山機場,2026-04-09,5944,5773.20064145393
松山機場,2026-04-10,6422,5797.93134991991
松山機場,2026-04-11,4720,4744.949413406583
松山機場,2026-04-12,4564,4454.455663692221
松山機場,2026-04-13,5587,5467.194424337953
松山機場,2026-04-14,5523,5625.95042045687
松山機場,2026-04-15,5585,5586.331926239881
松山機場,2026-04-16,5527,5719.698352184979
松山機場,2026-04-17,6099,5742.145805269145
松山機場,2026-04-18,4399,4636.361598005677
松山機場,2026-04-19,4635,4340.3577548083285
松山機場,2026-04-20,5569,5562.448149497404
松山機場,2026-04-21,5625,5557.236946772436
松山機場,2026-04-22,5735,5648.210190368097
松山機場,2026-04-23,6015,5737.40101536707
松山機場,2026-04-24,6630,6022.854862908244
松山機場,2026-04-25,4820,4787.396072323636
松山機場,2026-04-26,4764,4540.119895970631
松山機場,2026-04-27,5778,5578.189111251131
松山機場,2026-04-28,6070,5670.303343084796
松山機場,2026-04-29,6211,5854.997443469839
松山機場,2026-04-30,6863,5967.574933861117
松山機場,2026-05-01,4925,5461.907091673103
松山機場,2026-05-02,4568,4340.6496621218885
松山機場,2026-05-03,4589,4596.091385475191
松山機場,2026-05-04,6112,5519.299007829883
松山機場,2026-05-05,6365,5938.968780379232
松山機場,2026-05-06,5717,6001.454941843933
松山機場,2026-05-07,5437,5848.424170769143
松山機場,2026-05-08,5889,5760.163472671095
松山機場,2026-05-09,4355,4549.160271439412
松山機場,2026-05-10,4371,4429.719311370671
松山機場,2026-05-11,5709,5564.773898918348
松山機場,2026-05-12,5634,5824.795680450313
松山機場,2026-05-13,6120,5636.788754708287
松山機場,2026-05-14,5786,6060.728703728057
松山機場,2026-05-15,6380,5870.070812939604
松山機場,2026-05-16,5251,4731.720968883505
松山機場,2026-05-17,5002,4797.455524360459
松山機場,2026-05-18,5957,5775.033336136285
松山機場,2026-05-19,5743,5844.817143567796
松山機場,2026-05-20,5984,5762.970831507897
松山機場,2026-05-21,5967,5938.697258789806
松山機場,2026-05-22,6287,6075.969806694335
松山機場,2026-05-23,5359,4743.816544236948
松山機場,2026-05-24,4914,4916.522512239862
松山機場,2026-05-25,5648,5734.563559904453
松山機場,2026-05-26,5989,5697.328448038805
松山機場,2026-05-27,5855,5960.598430703233
松山機場,2026-05-28,5797,5830.255466761856
松山機場,2026-05-29,6176,6057.9378737528605
松山機場,2026-05-30,5061,4804.82572115587
松山機場,2026-05-31,4968,4776.122577305117
松江南京,2026-01-01,18367,20539.535112489757
松江南京,2026-01-02,43514,45826.84504251759
松江南京,2026-01-03,21065,23261.183022526657
松江南京,2026-01-04,15770,17440.62029529342
松江南京,2026-01-05,42825,41687.02068148115
松江南京,2026-01-06,44550,43858.86678812454
松江南京,2026-01-07,44135,44486.86061696533
松江南京,2026-01-08,44463,44373.89403393827
松江南京,2026-01-09,45759,45097.9238211633
松江南京,2026-01-10,22423,22935.00393318154
松江南京,2026-01-11,17174,17369.620717071255
松江南京,2026-01-12,42574,42333.22225250208
松江南京,2026-01-13,43481,44329.306994683495
松江南京,2026-01-14,43774,44530.85909029521
松江南京,2026-01-15,43863,44154.63066520311
松江南京,2026-01-16,46047,44903.22488219209
松江南京,2026-01-17,23499,22638.04377736137
松江南京,2026-01-18,18628,17319.220497436963
松江南京,2026-01-19,42844,42729.935189896765
松江南京,2026-01-20,43524,44476.79599863793
松江南京,2026-01-21,43538,44552.03527198422
松江南京,2026-01-22,44839,44231.22706112692
松江南京,2026-01-23,45737,45352.689358301424
松江南京,2026-01-24,23053,22848.49600696975
松江南京,2026-01-25,17059,17532.96360401651
松江南京,2026-01-26,40569,42560.09253068605
松江南京,2026-01-27,43408,43807.153099903975
松江南京,2026-01-28,42869,43997.750574702215
松江南京,2026-01-29,42920,43965.302942532886
松江南京,2026-01-30,43909,45003.22448232844
松江南京,2026-01-31,22861,22351.77119931113
松江南京,2026-02-01,17150,17108.515201769314
松江南京,2026-02-02,42113,41940.72376712815
松江南京,2026-02-03,43612,43649.5817226518
松江南京,2026-02-04,43248,43754.6103998144
松江南京,2026-02-05,43944,43914.223387407495
松江南京,2026-02-06,45890,45035.48708316298
松江南京,2026-02-07,23431,22833.52199883234
松江南京,2026-02-08,17565,17424.626006714545
松江南京,2026-02-09,42178,42116.27434104042
松江南京,2026-02-10,43807,43853.33496116783
松江南京,2026-02-11,43200,43786.23461054512
松江南京,2026-02-12,42568,43961.85512649552
松江南京,2026-02-13,39861,44988.25462003191
松江南京,2026-02-14,17195,22099.66305870035
松江南京,2026-02-15,12339,15996.237913829533
松江南京,2026-02-16,8332,8937.033694127702
松江南京,2026-02-17,10156,10796.9461075556
松江南京,2026-02-18,11118,10762.37242985136
松江南京,2026-02-19,12909,11175.092096902688
松江南京,2026-02-20,14228,18963.708879191672
松江南京,2026-02-21,16086,20863.85936452705
松江南京,2026-02-22,14109,14916.381967726384
松江南京,2026-02-23,40407,40173.44761005662
松江南京,2026-02-24,41638,42142.285034239845
松江南京,2026-02-25,43721,42228.07584748936
松江南京,2026-02-26,44110,42937.997650458645
松江南京,2026-02-27,21336,17863.78294736843
松江南京,2026-02-28,19879,20710.145672375733
松江南京,2026-03-01,15277,15712.605700569427
松江南京,2026-03-02,41660,41198.83706208736
松江南京,2026-03-03,43013,42928.403301832535
松江南京,2026-03-04,45004,43337.91450442023
松江南京,2026-03-05,44570,44055.10434048464
松江南京,2026-03-06,46437,43425.69624627751
松江南京,2026-03-07,23213,20722.647319732696
松江南京,2026-03-08,17270,16411.667965626835
松江南京,2026-03-09,42846,42140.131992790775
松江南京,2026-03-10,44320,43672.98942117767
松江南京,2026-03-11,44460,44444.67436206656
松江南京,2026-03-12,44602,44669.3085479897
松江南京,2026-03-13,45452,44544.62835630278
松江南京,2026-03-14,22874,21180.97653984133
松江南京,2026-03-15,17551,16543.812635788974
松江南京,2026-03-16,42395,42345.66755968188
松江南京,2026-03-17,43780,43767.08472821248
松江南京,2026-03-18,43748,44489.20603947642
松江南京,2026-03-19,44302,44537.77206199155
松江南京,2026-03-20,44896,44750.742726277385
松江南京,2026-03-21,23598,21468.712181064755
松江南京,2026-03-22,17695,16737.997880721476
松江南京,2026-03-23,42230,42401.52661651408
松江南京,2026-03-24,43646,43794.75583272515
松江南京,2026-03-25,43813,44326.03637614672
松江南京,2026-03-26,43880,44474.07475113237
松江南京,2026-03-27,45479,44757.563767889376
松江南京,2026-03-28,22736,21945.861228979054
松江南京,2026-03-29,16508,16867.231987374773
松江南京,2026-03-30,42159,42146.55140870237
松江南京,2026-03-31,43061,43594.39532498134
松江南京,2026-04-01,43208,43983.21360591437
松江南京,2026-04-02,43175,44136.23439826167
松江南京,2026-04-03,19418,19867.716495663164
松江南京,2026-04-04,18120,21871.868046905893
松江南京,2026-04-05,15150,16006.622725404774
松江南京,2026-04-06,15354,16570.458369386313
松江南京,2026-04-07,42926,42638.80969905006
松江南京,2026-04-08,43627,43187.68673028334
松江南京,2026-04-09,43623,43535.29168954189
松江南京,2026-04-10,45341,44375.55435197014
松江南京,2026-04-11,23752,21329.746758105597
松江南京,2026-04-12,17175,16581.70638911224
松江南京,2026-04-13,41288,41942.15013183322
松江南京,2026-04-14,42764,43380.40595479935
松江南京,2026-04-15,43059,43707.09268478489
松江南京,2026-04-16,43227,43767.2011645124
松江南京,2026-04-17,43883,44640.56996403189
松江南京,2026-04-18,21785,21308.526667976646
松江南京,2026-04-19,16119,16285.513198845994
松江南京,2026-04-20,40781,41367.573902682445
松江南京,2026-04-21,42343,42976.90118275626
松江南京,2026-04-22,42493,43350.55349914412
松江南京,2026-04-23,43712,43407.32184186722
松江南京,2026-04-24,45868,44462.587478695816
松江南京,2026-04-25,22686,21774.651262277457
松江南京,2026-04-26,17367,16551.655672562
松江南京,2026-04-27,41680,41569.39477015776
松江南京,2026-04-28,42870,43187.93980590449
松江南京,2026-04-29,43776,43492.05621858908
松江南京,2026-04-30,46143,43819.11309608486
松江南京,2026-05-01,21292,20479.700901623582
松江南京,2026-05-02,21473,22403.486381160645
松江南京,2026-05-03,16618,16836.197208233734
松江南京,2026-05-04,43772,41570.25868466937
松江南京,2026-05-05,45491,43391.061958171005
松江南京,2026-05-06,43832,44036.68814341333
松江南京,2026-05-07,43987,44624.30732674009
松江南京,2026-05-08,45044,45490.98050580268
松江南京,2026-05-09,21963,22208.48834995811
松江南京,2026-05-10,15458,16847.315032956485
松江南京,2026-05-11,40933,41751.95844995649
松江南京,2026-05-12,42794,43190.76059439979
松江南京,2026-05-13,44066,43311.58399825086
松江南京,2026-05-14,43191,44225.03903806421
松江南京,2026-05-15,45580,45017.14917080989
松江南京,2026-05-16,23316,21826.107979204648
松江南京,2026-05-17,18299,16600.57537544997
松江南京,2026-05-18,40722,42180.93353276165
松江南京,2026-05-19,42216,43547.4438577184
松江南京,2026-05-20,42959,43505.68698566848
松江南京,2026-05-21,42894,43915.77710004668
松江南京,2026-05-22,43838,44966.08487485733
松江南京,2026-05-23,22792,21742.99566019609
松江南京,2026-05-24,16646,16463.262803701862
松江南京,2026-05-25,40699,41441.341793421314
松江南京,2026-05-26,42797,42979.41907439861
松江南京,2026-05-27,42782,43338.36861880837
松江南京,2026-05-28,42536,43549.1258474176
松江南京,2026-05-29,44240,44700.896342071566
松江南京,2026-05-30,21928,21981.828904659105
松江南京,2026-05-31,16848,16493.216950707403
板新,2026-01-01,746,941.8295246649102
板新,2026-01-02,1498,1483.5650819137138
板新,2026-01-03,956,1010.2085739979952
板新,2026-01-04,759,731.7537622778113
板新,2026-01-05,1370,1368.4127317987195
板新,2026-01-06,1459,1433.3174961358334
板新,2026-01-07,1451,1533.8621118902038
板新,2026-01-08,1380,1379.2567414588257
板新,2026-01-09,1434,1458.7293876111537
板新,2026-01-10,993,945.8268071964764
板新,2026-01-11,762,744.0426035216678
板新,2026-01-12,1340,1371.6259851998248
板新,2026-01-13,1376,1426.1838010864578
板新,2026-01-14,1391,1454.509524536921
板新,2026-01-15,1390,1327.292478820537
板新,2026-01-16,1450,1436.3119509028948
板新,2026-01-17,1047,965.0848178995492
板新,2026-01-18,833,781.1616565066124
板新,2026-01-19,1393,1412.2305637764418
板新,2026-01-20,1525,1458.0509896312212
板新,2026-01-21,1429,1534.476365782025
板新,2026-01-22,1438,1406.8477868045877
板新,2026-01-23,1496,1489.5515483515287
板新,2026-01-24,1028,1035.7741477863624
板新,2026-01-25,850,804.1169110732865
板新,2026-01-26,1356,1417.5723957997288
板新,2026-01-27,1370,1464.1496603656071
板新,2026-01-28,1431,1407.8304560581273
板新,2026-01-29,1490,1383.6265959944158
板新,2026-01-30,1470,1507.9552081090212
板新,2026-01-31,1173,1024.7131470544812
板新,2026-02-01,814,896.3937516004048
板新,2026-02-02,1329,1406.282649346802
板新,2026-02-03,1356,1421.2928789418995
板新,2026-02-04,1444,1403.6412176538574
板新,2026-02-05,1390,1421.369725920957
板新,2026-02-06,1441,1440.9835042666589
板新,2026-02-07,1004,1037.262753463704
板新,2026-02-08,788,761.7323342088132
板新,2026-02-09,1359,1326.246552016024
板新,2026-02-10,1398,1396.078228991857
板新,2026-02-11,1414,1438.7478120165408
板新,2026-02-12,1327,1402.3052719405175
板新,2026-02-13,1260,1403.005198141629
板新,2026-02-14,789,911.339635209776
板新,2026-02-15,593,608.5153043345299
板新,2026-02-16,455,582.8983474399423
板新,2026-02-17,493,571.5679223779813
板新,2026-02-18,611,578.0149178478699
板新,2026-02-19,751,571.3782801530427
板新,2026-02-20,806,665.5859334040015
板新,2026-02-21,926,929.9222859868156
板新,2026-02-22,767,701.3370830438928
板新,2026-02-23,1343,1259.2497549575846
板新,2026-02-24,1412,1348.6664104717113
板新,2026-02-25,1604,1440.851963863546
板新,2026-02-26,1508,1542.102004786471
板新,2026-02-27,1062,929.4486193686096
板新,2026-02-28,1055,1152.1832397025826
板新,2026-03-01,840,878.264073358401
板新,2026-03-02,1467,1385.8715211460644
板新,2026-03-03,1497,1475.4797699681371
板新,2026-03-04,1505,1581.4158623732767
板新,2026-03-05,1547,1508.058640405253
板新,2026-03-06,1537,1598.8853331725925
板新,2026-03-07,1157,1048.7163918467763
板新,2026-03-08,868,895.2267151550925
板新,2026-03-09,1461,1439.156024115881
板新,2026-03-10,1569,1489.1160371671983
板新,2026-03-11,1578,1598.1706972964016
板新,2026-03-12,1548,1577.3569314653394
板新,2026-03-13,1470,1599.795056141372
板新,2026-03-14,1216,1055.7361392628884
板新,2026-03-15,872,908.1427091404568
板新,2026-03-16,1496,1456.576303820942
板新,2026-03-17,1516,1538.7551707687012
板新,2026-03-18,1522,1571.052314067629
板新,2026-03-19,1473,1528.7936694212074
板新,2026-03-20,1540,1500.955809050891
板新,2026-03-21,1023,1126.1938006126045
板新,2026-03-22,911,795.975223867933
板新,2026-03-23,1441,1453.5602193063553
板新,2026-03-24,1549,1494.5700116674388
板新,2026-03-25,1519,1559.5034830201314
板新,2026-03-26,1454,1510.4932700446786
板新,2026-03-27,1535,1503.668333624642
板新,2026-03-28,1014,1084.9962919061447
板新,2026-03-29,678,826.5710589170626
板新,2026-03-30,1475,1317.38849393787
板新,2026-03-31,1489,1481.9884672163307
板新,2026-04-01,1506,1501.507904566442
板新,2026-04-02,1439,1467.9852401984808
板新,2026-04-03,848,883.8917868107642
板新,2026-04-04,782,1014.144150665084
板新,2026-04-05,767,630.7775228243672
板新,2026-04-06,733,751.186293903912
板新,2026-04-07,1410,1410.4534568461058
板新,2026-04-08,1492,1431.6737037736718
板新,2026-04-09,1521,1424.0093139648095
板新,2026-04-10,1494,1517.1827417849402
板新,2026-04-11,1031,968.2163198563956
板新,2026-04-12,770,825.6079578052722
板新,2026-04-13,1449,1415.2317351544718
板新,2026-04-14,1561,1489.140780078377
板新,2026-04-15,1507,1564.8376319453537
板新,2026-04-16,1452,1506.8999782732812
板新,2026-04-17,1535,1490.4077609679543
板新,2026-04-18,1031,1005.0448539203776
板新,2026-04-19,831,812.7237494332185
板新,2026-04-20,1393,1462.4171227339134
板新,2026-04-21,1449,1495.348376261481
板新,2026-04-22,1531,1476.940028223136
板新,2026-04-23,1444,1476.0883729745206
板新,2026-04-24,1642,1496.1042622191765
板新,2026-04-25,1079,1069.354520774879
板新,2026-04-26,920,866.4464801886425
板新,2026-04-27,1438,1506.542210427454
板新,2026-04-28,1559,1529.9698973219563
板新,2026-04-29,1516,1574.6863638057005
板新,2026-04-30,1623,1487.2021140593586
板新,2026-05-01,961,1038.7557797949007
板新,2026-05-02,1008,1074.8756515183911
板新,2026-05-03,801,845.6553480517944
板新,2026-05-04,1561,1403.7030328139551
板新,2026-05-05,1729,1577.7046710457946
板新,2026-05-06,1519,1663.6243728979105
板新,2026-05-07,1540,1574.4835091353902
板新,2026-05-08,1594,1595.3222079677246
板新,2026-05-09,1078,1052.6870390027325
板新,2026-05-10,782,869.5340158002593
板新,2026-05-11,1502,1459.8546940307158
板新,2026-05-12,1566,1596.4399318281548
板新,2026-05-13,1620,1513.9545739791276
板新,2026-05-14,1519,1580.4783940402103
板新,2026-05-15,1669,1590.0775803467652
板新,2026-05-16,1034,1100.9006861511114
板新,2026-05-17,911,831.2131276284324
板新,2026-05-18,1446,1541.3238365675732
板新,2026-05-19,1458,1580.4497904567263
板新,2026-05-20,1529,1487.4143787169503
板新,2026-05-21,1503,1486.5975715351913
板新,2026-05-22,1528,1579.6834710664862
板新,2026-05-23,1089,986.9226475444692
板新,2026-05-24,886,853.8458835251902
板新,2026-05-25,1431,1494.387807487079
板新,2026-05-26,1530,1525.9966827499534
板新,2026-05-27,1505,1535.528015014174
板新,2026-05-28,1458,1491.849567795519
板新,2026-05-29,1637,1537.3591111793778
板新,2026-05-30,1026,1071.8227671506022
板新,2026-05-31,840,848.4934605588949
橋和,2026-01-01,465,546.4613444296363
橋和,2026-01-02,1341,1462.0514453879473
橋和,2026-01-03,534,532.2610500600106
橋和,2026-01-04,412,387.94724357807263
橋和,2026-01-05,1487,1377.090588017019
橋和,2026-01-06,1448,1462.5155568291764
橋和,2026-01-07,1507,1453.875231031426
橋和,2026-01-08,1469,1416.091801623003
橋和,2026-01-09,1525,1467.251232374193
橋和,2026-01-10,620,631.6696031815252
橋和,2026-01-11,461,483.7603939575206
橋和,2026-01-12,1496,1481.282433658525
橋和,2026-01-13,1441,1493.7320323637975
橋和,2026-01-14,1474,1491.801110568556
橋和,2026-01-15,1476,1433.4198715798618
橋和,2026-01-16,1551,1491.9141581113086
橋和,2026-01-17,716,638.0814191991701
橋和,2026-01-18,486,518.9604474477542
橋和,2026-01-19,1496,1517.735867010122
橋和,2026-01-20,1516,1492.098716507951
橋和,2026-01-21,1455,1523.4874842587485
橋和,2026-01-22,1570,1461.362387914499
橋和,2026-01-23,1559,1557.292814541354
橋和,2026-01-24,600,693.979732203363
橋和,2026-01-25,487,474.9704644492374
橋和,2026-01-26,1523,1492.6463624012029
橋和,2026-01-27,1497,1504.042024346605
橋和,2026-01-28,1525,1491.9123317841409
橋和,2026-01-29,1508,1525.2192052260348
橋和,2026-01-30,1588,1544.8383846585627
橋和,2026-01-31,666,662.9240358312236
橋和,2026-02-01,464,509.3683717790889
橋和,2026-02-02,1497,1510.592149276904
橋和,2026-02-03,1525,1493.8862142430307
橋和,2026-02-04,1523,1513.050447403584
橋和,2026-02-05,1518,1519.7041861253288
橋和,2026-02-06,1645,1566.4084682184205
橋和,2026-02-07,664,691.7694916207056
橋和,2026-02-08,547,505.1993028443612
橋和,2026-02-09,1484,1544.9644283137377
橋和,2026-02-10,1540,1521.509419793698
橋和,2026-02-11,1562,1530.549324661568
橋和,2026-02-12,1466,1542.6112920606363
橋和,2026-02-13,1395,1586.1040084793997
橋和,2026-02-14,434,576.9307166769963
橋和,2026-02-15,362,374.2396168552609
橋和,2026-02-16,301,402.7482390037516
橋和,2026-02-17,247,393.3025338332215
橋和,2026-02-18,378,355.8547938103808
橋和,2026-02-19,403,344.44637752248
橋和,2026-02-20,371,475.9932539142926
橋和,2026-02-21,479,395.3885853220893
橋和,2026-02-22,383,318.5235713680918
橋和,2026-02-23,1314,1316.0032055406905
橋和,2026-02-24,1351,1315.023133830524
橋和,2026-02-25,1394,1390.2059918835766
橋和,2026-02-26,1413,1386.037257882979
橋和,2026-02-27,590,484.562401257733
橋和,2026-02-28,517,540.0131091285473
橋和,2026-03-01,379,416.3939375632292
橋和,2026-03-02,1388,1354.8451372996562
橋和,2026-03-03,1397,1380.786482592176
橋和,2026-03-04,1440,1435.688574400648
橋和,2026-03-05,1576,1436.8447505697673
橋和,2026-03-06,1519,1506.13298724461
橋和,2026-03-07,633,590.6249015445962
橋和,2026-03-08,490,479.7965071302681
橋和,2026-03-09,1359,1453.2337787823585
橋和,2026-03-10,1483,1420.0395747326168
橋和,2026-03-11,1433,1489.5438710317628
橋和,2026-03-12,1457,1512.670482392114
橋和,2026-03-13,1567,1474.3342683346468
橋和,2026-03-14,633,607.7202771172899
橋和,2026-03-15,469,484.82583002671777
橋和,2026-03-16,1454,1409.5285201542256
橋和,2026-03-17,1477,1476.7133726250283
橋和,2026-03-18,1458,1483.954685045015
橋和,2026-03-19,1472,1507.3262077195027
橋和,2026-03-20,1526,1523.9283186606788
橋和,2026-03-21,594,608.0708767046392
橋和,2026-03-22,502,458.8606722301431
橋和,2026-03-23,1422,1430.5954501160177
橋和,2026-03-24,1477,1464.106817001358
橋和,2026-03-25,1449,1469.485184809823
橋和,2026-03-26,1455,1488.5131066661809
橋和,2026-03-27,1588,1512.3649185717593
橋和,2026-03-28,535,621.620341511466
橋和,2026-03-29,415,461.761060214523
橋和,2026-03-30,1419,1384.64792052705
橋和,2026-03-31,1459,1445.4580970036336
橋和,2026-04-01,1460,1442.9063079856787
橋和,2026-04-02,1491,1470.919404355328
橋和,2026-04-03,532,658.7481468764934
橋和,2026-04-04,338,530.4520522324178
橋和,2026-04-05,368,333.3074293529953
橋和,2026-04-06,397,427.5971179726489
橋和,2026-04-07,1414,1357.6659668256582
橋和,2026-04-08,1476,1382.707990950953
橋和,2026-04-09,1438,1450.0437419744485
橋和,2026-04-10,1528,1466.446857618777
橋和,2026-04-11,636,482.96199108545807
橋和,2026-04-12,455,477.9792403699432
橋和,2026-04-13,1440,1412.4048452879808
橋和,2026-04-14,1432,1493.422204704613
橋和,2026-04-15,1489,1485.0607330251644
橋和,2026-04-16,1525,1486.4526108883338
橋和,2026-04-17,1545,1548.465340789163
橋和,2026-04-18,566,580.455482250133
橋和,2026-04-19,397,460.2259802530296
橋和,2026-04-20,1395,1395.4939449713995
橋和,2026-04-21,1413,1436.8146592932812
橋和,2026-04-22,1453,1459.6741963122663
橋和,2026-04-23,1544,1473.380360618479
橋和,2026-04-24,1587,1539.0009219095489
橋和,2026-04-25,589,585.1733036158262
橋和,2026-04-26,479,453.4115689190837
橋和,2026-04-27,1454,1436.1175195505618
橋和,2026-04-28,1415,1474.727932801395
橋和,2026-04-29,1491,1481.9295339835642
橋和,2026-04-30,1566,1527.1049989545772
橋和,2026-05-01,563,687.8469130851315
橋和,2026-05-02,498,546.8709922547805
橋和,2026-05-03,443,406.6714398311112
橋和,2026-05-04,1481,1397.8779332299594
橋和,2026-05-05,1555,1440.221467121659
橋和,2026-05-06,1485,1534.6130907603033
橋和,2026-05-07,1510,1563.6416375720482
橋和,2026-05-08,1478,1523.48776056355
橋和,2026-05-09,673,532.3540582968287
橋和,2026-05-10,466,491.60561887100334
橋和,2026-05-11,1474,1475.568530120912
橋和,2026-05-12,1482,1506.193310849689
橋和,2026-05-13,1580,1498.5983313617614
橋和,2026-05-14,1482,1571.706201428832
橋和,2026-05-15,1527,1513.224500707181
橋和,2026-05-16,637,607.1807707520497
橋和,2026-05-17,520,478.4494828738252
橋和,2026-05-18,1421,1493.3258254192494
橋和,2026-05-19,1468,1484.3058744739064
橋和,2026-05-20,1537,1518.5552720505566
橋和,2026-05-21,1442,1516.436785259972
橋和,2026-05-22,1571,1491.1013530861298
橋和,2026-05-23,631,617.9996154347939
橋和,2026-05-24,459,493.3469867807257
橋和,2026-05-25,1442,1441.582666058538
橋和,2026-05-26,1491,1473.9025837043082
橋和,2026-05-27,1466,1530.4003620788667
橋和,2026-05-28,1454,1465.8855306483067
橋和,2026-05-29,1534,1512.068513529367
橋和,2026-05-30,605,602.865868635661
橋和,2026-05-31,497,459.2019509190595
民權西路,2026-01-01,15178,17200.13175140202
民權西路,2026-01-02,26052,27756.937219083506
民權西路,2026-01-03,18891,19483.964339111903
民權西路,2026-01-04,17109,17236.74932807161
民權西路,2026-01-05,25838,25315.00842821671
民權西路,2026-01-06,26008,26469.77104243393
民權西路,2026-01-07,26360,26887.80989878458
民權西路,2026-01-08,26457,26581.76673075024
民權西路,2026-01-09,27912,27448.00710038193
民權西路,2026-01-10,19935,20081.452322176287
民權西路,2026-01-11,18057,17842.171283822798
民權西路,2026-01-12,25359,25942.316289006103
民權西路,2026-01-13,25890,26368.96338185804
民權西路,2026-01-14,26373,26747.58475239363
民權西路,2026-01-15,26645,26605.751657908084
民權西路,2026-01-16,28448,27655.53527325393
民權西路,2026-01-17,20096,20293.077392524498
民權西路,2026-01-18,18620,18024.418305175957
民權西路,2026-01-19,25054,26067.80913807952
民權西路,2026-01-20,25917,26259.604641467973
民權西路,2026-01-21,25866,26689.41745469409
民權西路,2026-01-22,25809,26429.678939189984
民權西路,2026-01-23,26918,27423.82611150181
民權西路,2026-01-24,19572,19558.471342660323
民權西路,2026-01-25,18370,17702.247996130667
民權西路,2026-01-26,24931,25642.280030955942
民權西路,2026-01-27,24811,26077.819043856256
民權西路,2026-01-28,25132,26080.595360182542
民權西路,2026-01-29,25688,25876.30359718025
民權西路,2026-01-30,26550,27110.091938822283
民權西路,2026-01-31,19408,19364.154000139515
民權西路,2026-02-01,16546,17687.149024874307
民權西路,2026-02-02,24248,24804.13240486956
民權西路,2026-02-03,24828,25335.296139279217
民權西路,2026-02-04,25687,25752.22838734761
民權西路,2026-02-05,25882,26008.130138871507
民權西路,2026-02-06,27549,27136.895164102425
民權西路,2026-02-07,20625,19788.458366173523
民權西路,2026-02-08,17446,18038.990443167742
民權西路,2026-02-09,24586,25254.405575221776
民權西路,2026-02-10,25491,25580.42719630069
民權西路,2026-02-11,25313,26119.807176959643
民權西路,2026-02-12,25249,25969.195642672108
民權西路,2026-02-13,24100,26990.88053100444
民權西路,2026-02-14,15603,18579.74334646037
民權西路,2026-02-15,12626,15608.221051123946
民權西路,2026-02-16,7256,7803.377058058886
民權西路,2026-02-17,10327,8988.828077413891
民權西路,2026-02-18,10951,10437.453271363822
民權西路,2026-02-19,12522,10966.267676234958
民權西路,2026-02-20,13527,16563.630584243518
民權西路,2026-02-21,15081,18201.20092635631
民權西路,2026-02-22,15808,14920.603469060115
民權西路,2026-02-23,25010,23600.830449374505
民權西路,2026-02-24,25830,25511.808896160965
民權西路,2026-02-25,26986,26100.635379357795
民權西路,2026-02-26,28009,26788.47804624944
民權西路,2026-02-27,17940,16582.889182319184
民權西路,2026-02-28,18927,19500.68705273667
民權西路,2026-03-01,16640,17241.23756650823
民權西路,2026-03-02,25691,24906.8246768065
民權西路,2026-03-03,25901,26135.924683472316
民權西路,2026-03-04,26717,26491.911132108664
民權西路,2026-03-05,26879,26964.41502786751
民權西路,2026-03-06,28346,27060.97397085486
民權西路,2026-03-07,20180,19276.11254127325
民權西路,2026-03-08,17866,17500.94059432462
民權西路,2026-03-09,26200,25617.563982757103
民權西路,2026-03-10,26155,26471.757443792983
民權西路,2026-03-11,27307,26739.55420145481
民權西路,2026-03-12,27130,27210.28117878569
民權西路,2026-03-13,28321,27475.24560492132
民權西路,2026-03-14,21307,19530.780034509524
民權西路,2026-03-15,19118,18029.950453383502
民權西路,2026-03-16,25836,26327.491195775827
民權西路,2026-03-17,27058,26489.25769406622
民權西路,2026-03-18,27678,27207.3434863924
民權西路,2026-03-19,27672,27457.622996418155
民權西路,2026-03-20,29231,27897.038839666824
民權西路,2026-03-21,21707,20296.621704766607
民權西路,2026-03-22,17973,18534.213184527274
民權西路,2026-03-23,26295,25886.674529244323
民權西路,2026-03-24,27217,26671.334013442764
民權西路,2026-03-25,27333,27364.332840165986
民權西路,2026-03-26,27314,27400.42635734548
民權西路,2026-03-27,28235,27967.18567981528
民權西路,2026-03-28,20245,20095.06952582481
民權西路,2026-03-29,17933,17699.814741946455
民權西路,2026-03-30,26122,25730.064099726056
民權西路,2026-03-31,26721,26613.7965425858
民權西路,2026-04-01,26446,27108.04851513275
民權西路,2026-04-02,27868,26965.366385592824
民權西路,2026-04-03,16092,17496.404252394972
民權西路,2026-04-04,14896,19511.66632144221
民權西路,2026-04-05,16037,15565.483511230985
民權西路,2026-04-06,13869,13788.77057101029
民權西路,2026-04-07,26047,25488.91593256689
民權西路,2026-04-08,26829,26341.50363146529
民權西路,2026-04-09,27307,27072.9724175545
民權西路,2026-04-10,28480,27528.38251702529
民權西路,2026-04-11,21302,19200.93550699365
民權西路,2026-04-12,18854,18254.76256595705
民權西路,2026-04-13,25572,26283.916594302264
民權西路,2026-04-14,26483,26684.27334030901
民權西路,2026-04-15,26449,26989.270716049323
民權西路,2026-04-16,27315,27133.084818836847
民權西路,2026-04-17,28359,27771.46721680499
民權西路,2026-04-18,21191,19704.77846567452
民權西路,2026-04-19,18879,18304.76233978669
民權西路,2026-04-20,25956,26131.30484719004
民權西路,2026-04-21,26168,26769.2749466359
民權西路,2026-04-22,26518,26799.49589737567
民權西路,2026-04-23,26337,27163.613234904187
民權西路,2026-04-24,27790,27497.227733594616
民權西路,2026-04-25,19520,19607.36724872132
民權西路,2026-04-26,18974,17661.565730381077
民權西路,2026-04-27,26306,25900.70562154893
民權西路,2026-04-28,26875,26713.16703438983
民權西路,2026-04-29,26893,27042.510606390068
民權西路,2026-04-30,28609,27231.74967987948
民權西路,2026-05-01,18880,17915.22439156528
民權西路,2026-05-02,18601,20477.308143109218
民權西路,2026-05-03,16859,17876.68193693758
民權西路,2026-05-04,26647,25185.93262807139
民權西路,2026-05-05,26615,26617.64799416689
民權西路,2026-05-06,27145,26875.010819308136
民權西路,2026-05-07,27684,27571.221666336387
民權西路,2026-05-08,28901,28319.01591842944
民權西路,2026-05-09,20641,19796.258135040112
民權西路,2026-05-10,16487,18295.68333863225
民權西路,2026-05-11,26106,25547.634184698058
民權西路,2026-05-12,26678,26439.459340527603
民權西路,2026-05-13,26347,26897.333602795865
民權西路,2026-05-14,26305,27245.364721931943
民權西路,2026-05-15,28776,27785.4862836202
民權西路,2026-05-16,22017,19757.630202217115
民權西路,2026-05-17,19537,18392.50715055984
民權西路,2026-05-18,25322,26902.673941058983
民權西路,2026-05-19,26309,26630.214835519
民權西路,2026-05-20,26629,26692.05539234262
民權西路,2026-05-21,26772,27130.315588964066
民權西路,2026-05-22,27658,28164.192801817266
民權西路,2026-05-23,21298,19832.09619589
民權西路,2026-05-24,18568,18282.087258558862
民權西路,2026-05-25,25497,26079.187205139988
民權西路,2026-05-26,26039,26457.623991384346
民權西路,2026-05-27,26112,26558.88201083482
民權西路,2026-05-28,26057,26846.085729486924
民權西路,2026-05-29,27356,27687.1653978804
民權西路,2026-05-30,20503,19826.438766685264
民權西路,2026-05-31,17071,17932.435453319344
永安市場,2026-01-01,15033,16825.692201960064
永安市場,2026-01-02,24711,26260.717751383312
永安市場,2026-01-03,19290,20018.41133288151
永安市場,2026-01-04,16037,16114.97528491084
永安市場,2026-01-05,24334,23878.21888469073
永安市場,2026-01-06,25153,25401.44971733317
永安市場,2026-01-07,25197,25594.626368344787
永安市場,2026-01-08,25283,25156.127542979884
永安市場,2026-01-09,26766,26297.71874866825
永安市場,2026-01-10,21051,20593.42055559101
永安市場,2026-01-11,16576,16877.740397513884
永安市場,2026-01-12,24073,24413.059513037115
永安市場,2026-01-13,25539,25473.381620972323
永安市場,2026-01-14,25698,25692.775638221385
永安市場,2026-01-15,25815,25402.592984845247
永安市場,2026-01-16,26780,26626.72374137368
永安市場,2026-01-17,20196,20779.40186498576
永安市場,2026-01-18,16748,16633.39056832488
永安市場,2026-01-19,23393,24316.91144952414
永安市場,2026-01-20,26265,25285.58758161529
永安市場,2026-01-21,24945,25815.1370328964
永安市場,2026-01-22,24981,25311.42133503569
永安市場,2026-01-23,26572,26350.70478513066
永安市場,2026-01-24,20481,20495.153164554777
永安市場,2026-01-25,17419,16659.87492525218
永安市場,2026-01-26,23945,24351.99513699883
永安市場,2026-01-27,25018,25679.92968136046
永安市場,2026-01-28,24782,25419.795395248235
永安市場,2026-01-29,25802,25102.48715872805
永安市場,2026-01-30,26824,26551.165084234908
永安市場,2026-01-31,20463,20637.75381574553
永安市場,2026-02-01,16135,16838.922339393834
永安市場,2026-02-02,23853,23961.57213206006
永安市場,2026-02-03,25423,25393.16132589537
永安市場,2026-02-04,25594,25366.40375908177
永安市場,2026-02-05,25711,25466.60522333568
永安市場,2026-02-06,26509,26670.125552242247
永安市場,2026-02-07,20991,20553.01561954695
永安市場,2026-02-08,17011,16834.101567030197
永安市場,2026-02-09,24575,24241.150840996943
永安市場,2026-02-10,25947,25726.944500861457
永安市場,2026-02-11,25097,25690.567391468707
永安市場,2026-02-12,26043,25477.944025649325
永安市場,2026-02-13,25309,26722.419848861355
永安市場,2026-02-14,17684,20331.8308206035
永安市場,2026-02-15,13553,15835.348350806911
永安市場,2026-02-16,9819,10091.371961584526
永安市場,2026-02-17,12288,11832.06770378079
永安市場,2026-02-18,13445,12073.80861860454
永安市場,2026-02-19,14422,12783.727653276504
永安市場,2026-02-20,14972,17967.130176059014
永安市場,2026-02-21,17337,19618.022024365408
永安市場,2026-02-22,15415,15243.914952460793
永安市場,2026-02-23,23826,23292.15718237141
永安市場,2026-02-24,25276,25233.51132161055
永安市場,2026-02-25,25862,25389.43289859509
永安市場,2026-02-26,26503,25869.294207276584
永安市場,2026-02-27,19566,17272.513768288554
永安市場,2026-02-28,19374,20447.643586257487
永安市場,2026-03-01,16240,16353.684963410527
永安市場,2026-03-02,24559,24051.15122430509
永安市場,2026-03-03,25233,25714.435509561536
永安市場,2026-03-04,25404,25640.26037578342
永安市場,2026-03-05,25757,25908.008134619777
永安市場,2026-03-06,26950,26333.329248753817
永安市場,2026-03-07,21406,19791.00090667896
永安市場,2026-03-08,17296,16684.99305177499
永安市場,2026-03-09,24632,24568.42080386112
永安市場,2026-03-10,25450,25834.922184839408
永安市場,2026-03-11,26458,25738.613385327848
永安市場,2026-03-12,26157,26225.731019420666
永安市場,2026-03-13,27086,26667.009377981005
永安市場,2026-03-14,22461,20220.1752047123
永安市場,2026-03-15,17759,17140.470248372574
永安市場,2026-03-16,24599,24846.893320273542
永安市場,2026-03-17,25845,25880.423778923643
永安市場,2026-03-18,26204,26015.097605640727
永安市場,2026-03-19,25770,26209.090488146117
永安市場,2026-03-20,27086,26620.286150694268
永安市場,2026-03-21,21333,20533.268288722447
永安市場,2026-03-22,17627,16907.0410599159
永安市場,2026-03-23,24650,24630.51007472538
永安市場,2026-03-24,25881,25820.92924531302
永安市場,2026-03-25,25898,26024.268369984147
永安市場,2026-03-26,25851,26045.535451849224
永安市場,2026-03-27,27068,26678.49496397385
永安市場,2026-03-28,20551,20630.0527658916
永安市場,2026-03-29,16670,16800.29284080999
永安市場,2026-03-30,24394,24280.711322100145
永安市場,2026-03-31,25410,25612.888492871563
永安市場,2026-04-01,25815,25779.713800633872
永安市場,2026-04-02,26475,25903.20364935938
永安市場,2026-04-03,17969,17998.0242333277
永安市場,2026-04-04,15452,20594.165935123583
永安市場,2026-04-05,15226,15356.292587122864
永安市場,2026-04-06,14071,14448.23137901771
永安市場,2026-04-07,24522,24765.55509831191
永安市場,2026-04-08,25574,25204.23223015791
永安市場,2026-04-09,25637,25693.102578626957
永安市場,2026-04-10,26976,26493.887971193468
永安市場,2026-04-11,21366,19618.33073566217
永安市場,2026-04-12,17027,16923.130104960073
永安市場,2026-04-13,24089,24405.58496315196
永安市場,2026-04-14,25396,25526.13556612401
永安市場,2026-04-15,25305,25839.649958315946
永安市場,2026-04-16,25248,25841.01166285848
永安市場,2026-04-17,26796,26536.137315426746
永安市場,2026-04-18,20991,19907.296655363505
永安市場,2026-04-19,17574,16811.1844804949
永安市場,2026-04-20,24087,24453.2940998011
永安市場,2026-04-21,25493,25546.71557690257
永安市場,2026-04-22,25467,25788.465543727365
永安市場,2026-04-23,24976,25804.385798570627
永安市場,2026-04-24,26581,26525.18789596807
永安市場,2026-04-25,21152,19990.381134940068
永安市場,2026-04-26,18009,16949.80666117962
永安市場,2026-04-27,24852,24520.20959219133
永安市場,2026-04-28,25993,25802.384372539746
永安市場,2026-04-29,25511,25987.98506862521
永安市場,2026-04-30,26814,25786.80656772303
永安市場,2026-05-01,19767,18221.650630002736
永安市場,2026-05-02,19654,20970.30307647369
永安市場,2026-05-03,16351,17036.8884503072
永安市場,2026-05-04,24731,24088.36570292829
永安市場,2026-05-05,25825,25597.2218113603
永安市場,2026-05-06,26573,25766.226161530947
永安市場,2026-05-07,26012,26202.618523384448
永安市場,2026-05-08,27119,27221.77555623741
永安市場,2026-05-09,20696,20264.983696886356
永安市場,2026-05-10,16533,17001.298629047116
永安市場,2026-05-11,24743,24281.51146451509
永安市場,2026-05-12,25668,25673.54805625716
永安市場,2026-05-13,25275,25881.156321129863
永安市場,2026-05-14,25144,25789.011287015328
永安市場,2026-05-15,27100,26792.968268960387
永安市場,2026-05-16,21534,20184.206645709302
永安市場,2026-05-17,17886,17091.622556751852
永安市場,2026-05-18,24217,24792.326985876887
永安市場,2026-05-19,25509,25707.784015393616
永安市場,2026-05-20,25552,25741.45382424608
永安市場,2026-05-21,25277,25747.21568251678
永安市場,2026-05-22,26218,26909.30187996727
永安市場,2026-05-23,21195,20189.62174366154
永安市場,2026-05-24,17168,17047.22209969728
永安市場,2026-05-25,24161,24415.168754671708
永安市場,2026-05-26,25015,25544.69803696007
永安市場,2026-05-27,25282,25526.24609356809
永安市場,2026-05-28,25010,25521.975760057263
永安市場,2026-05-29,26260,26651.64820301692
永安市場,2026-05-30,20722,20297.44928217093
永安市場,2026-05-31,17347,16908.725903607396
永寧,2026-01-01,7740,9532.35984790124
永寧,2026-01-02,13701,14642.425427255132
永寧,2026-01-03,10713,11258.0026841845
永寧,2026-01-04,10131,10069.28152276994
永寧,2026-01-05,14214,13949.968225199376
永寧,2026-01-06,14182,14303.514924044455
永寧,2026-01-07,14450,14424.075413195971
永寧,2026-01-08,14358,14247.19113399082
永寧,2026-01-09,15608,15453.39012328011
永寧,2026-01-10,12261,12166.20141429016
永寧,2026-01-11,9920,10817.856713988656
永寧,2026-01-12,14187,13851.168920009368
永寧,2026-01-13,14439,14269.043883900784
永寧,2026-01-14,14751,14582.218695121606
永寧,2026-01-15,14526,14498.928640455171
永寧,2026-01-16,15811,15602.136608991988
永寧,2026-01-17,12065,12306.59748841646
永寧,2026-01-18,10693,10601.56902391469
永寧,2026-01-19,14375,14252.099879182351
永寧,2026-01-20,14474,14390.483118055525
永寧,2026-01-21,13801,14622.630793396856
永寧,2026-01-22,13702,14045.19002862806
永寧,2026-01-23,15375,15224.934492627188
永寧,2026-01-24,12245,12058.773831274648
永寧,2026-01-25,11076,10742.0020310068
永寧,2026-01-26,14114,14436.259300111084
永寧,2026-01-27,14017,14269.42787126879
永寧,2026-01-28,13884,14284.65424893378
永寧,2026-01-29,15060,14036.63103525086
永寧,2026-01-30,15414,15888.273572156855
永寧,2026-01-31,11892,12118.704753953223
永寧,2026-02-01,9695,10614.580027846068
永寧,2026-02-02,13194,13720.727120939371
永寧,2026-02-03,14322,13783.694104237924
永寧,2026-02-04,14857,14414.271473390065
永寧,2026-02-05,15120,14658.232419664782
永寧,2026-02-06,15882,15849.94180326603
永寧,2026-02-07,12065,12305.73483814088
永寧,2026-02-08,9992,10561.296547871809
永寧,2026-02-09,14292,13809.671550869103
永寧,2026-02-10,14545,14396.55429390906
永寧,2026-02-11,14411,14605.897167090425
永寧,2026-02-12,14868,14457.02467318524
永寧,2026-02-13,14124,15753.840440583608
永寧,2026-02-14,9282,11437.35580090325
永寧,2026-02-15,7190,9183.723816298592
永寧,2026-02-16,4543,6124.312650742652
永寧,2026-02-17,7715,6360.024225040907
永寧,2026-02-18,8451,7931.854237749533
永寧,2026-02-19,10312,8287.74656009773
永寧,2026-02-20,10641,11732.73748824438
永寧,2026-02-21,11621,11757.163546532822
永寧,2026-02-22,10448,10079.461015364604
永寧,2026-02-23,14623,13886.229822358182
永寧,2026-02-24,14259,14722.850948672069
永寧,2026-02-25,14394,14500.543911941226
永寧,2026-02-26,15698,14724.370063769013
永寧,2026-02-27,11432,11168.964245726773
永寧,2026-02-28,11702,12221.107515905926
永寧,2026-03-01,9544,10268.403288104608
永寧,2026-03-02,14289,13624.571267733152
永寧,2026-03-03,13860,14431.210828661067
永寧,2026-03-04,14335,14268.476941948034
永寧,2026-03-05,14460,14724.397316167868
永寧,2026-03-06,15838,15367.080692686648
永寧,2026-03-07,12779,12017.806134649672
永寧,2026-03-08,10821,10677.173769483075
永寧,2026-03-09,14210,14299.66279680656
永寧,2026-03-10,14050,14340.8785006986
永寧,2026-03-11,15007,14372.267708353073
永寧,2026-03-12,15042,14960.721415448306
永寧,2026-03-13,15617,15702.521009044056
永寧,2026-03-14,12825,12040.364011700098
永寧,2026-03-15,11344,10751.996845847629
永寧,2026-03-16,14480,14505.687076049287
永寧,2026-03-17,14785,14462.85667703892
永寧,2026-03-18,14661,14808.14509787922
永寧,2026-03-19,14376,14817.524029495524
永寧,2026-03-20,16091,15346.088038683863
永寧,2026-03-21,12918,12334.679010402822
永寧,2026-03-22,11933,10871.916538854388
永寧,2026-03-23,14416,14788.53593307509
永寧,2026-03-24,14715,14492.60931110724
永寧,2026-03-25,14418,14723.815057773263
永寧,2026-03-26,14800,14638.385855792418
永寧,2026-03-27,15783,15650.880236547036
永寧,2026-03-28,12591,12225.3571552776
永寧,2026-03-29,10444,10825.199168751256
永寧,2026-03-30,14534,14022.734485571986
永寧,2026-03-31,14447,14558.751829429695
永寧,2026-04-01,14334,14560.072413318989
永寧,2026-04-02,15306,14639.620947836063
永寧,2026-04-03,9861,11173.71883860144
永寧,2026-04-04,8490,11658.045803184468
永寧,2026-04-05,9822,8743.607216494958
永寧,2026-04-06,8898,9092.448977592976
永寧,2026-04-07,13991,14080.460740341296
永寧,2026-04-08,14426,14322.349722805217
永寧,2026-04-09,15208,14763.943211514124
永寧,2026-04-10,16169,15646.347611168869
永寧,2026-04-11,12438,11991.061985582466
永寧,2026-04-12,10854,10807.927292178343
永寧,2026-04-13,14419,14255.887237991064
永寧,2026-04-14,14741,14471.37835106917
永寧,2026-04-15,14673,14711.82854421782
永寧,2026-04-16,14615,14911.795008977277
永寧,2026-04-17,15498,15494.307907065502
永寧,2026-04-18,12354,11877.635551548135
永寧,2026-04-19,11767,10719.793302201391
永寧,2026-04-20,14678,14724.670507085448
永寧,2026-04-21,14796,14639.686836577135
永寧,2026-04-22,15010,14729.75068571556
永寧,2026-04-23,14398,15011.492455397409
永寧,2026-04-24,14844,15369.798403807614
永寧,2026-04-25,11918,11612.151534121596
永寧,2026-04-26,12296,10641.363370358507
永寧,2026-04-27,14812,14964.015476661712
永寧,2026-04-28,14913,14714.0077760883
永寧,2026-04-29,14947,14825.359758022776
永寧,2026-04-30,15532,14913.317056116424
永寧,2026-05-01,12562,11142.22816288321
永寧,2026-05-02,12031,12797.626668907356
永寧,2026-05-03,10792,10872.972890941495
永寧,2026-05-04,14019,14222.373782956622
永寧,2026-05-05,14003,14345.025896131398
永寧,2026-05-06,14699,14387.150938467596
永寧,2026-05-07,15405,14903.13575193701
永寧,2026-05-08,15618,15995.817414289642
永寧,2026-05-09,11458,11887.227445046392
永寧,2026-05-10,10831,10497.508860379472
永寧,2026-05-11,14355,14219.515211282316
永寧,2026-05-12,14372,14451.39326357719
永寧,2026-05-13,14007,14600.66336033867
永寧,2026-05-14,13816,14609.74399161347
永寧,2026-05-15,15937,15111.15194401306
永寧,2026-05-16,12707,12014.274617925836
永寧,2026-05-17,11865,11143.21932481357
永寧,2026-05-18,14287,14749.903707624268
永寧,2026-05-19,14579,14427.926943125249
永寧,2026-05-20,14697,14605.860150128898
永寧,2026-05-21,14634,14811.408107955236
永寧,2026-05-22,16047,15631.382968951428
永寧,2026-05-23,12761,12184.877329045205
永寧,2026-05-24,11720,11249.153461676113
永寧,2026-05-25,14185,14612.944544212896
永寧,2026-05-26,14288,14403.088416444554
永寧,2026-05-27,14265,14505.419494493002
永寧,2026-05-28,14538,14615.923243116682
永寧,2026-05-29,15345,15599.534522384973
永寧,2026-05-30,12317,11890.800420216783
永寧,2026-05-31,10217,11059.503943401218
永春,2026-01-01,15186,13661.18588833484
永春,2026-01-02,21842,23727.89193724997
永春,2026-01-03,16419,16920.726750793052
永春,2026-01-04,13206,13618.273908677977
永春,2026-01-05,20979,20404.15363589068
永春,2026-01-06,22201,22073.608361657585
永春,2026-01-07,22008,21690.808116692697
永春,2026-01-08,22025,22526.62621776134
永春,2026-01-09,23749,23147.10630068956
永春,2026-01-10,17505,17441.53411563171
永春,2026-01-11,14055,14115.059393136682
永春,2026-01-12,20522,20923.270763948603
永春,2026-01-13,22005,22021.604575617755
永春,2026-01-14,22138,21838.79748772993
永春,2026-01-15,22327,22357.85374533819
永春,2026-01-16,23740,23496.930310148084
永春,2026-01-17,17792,17516.538183025477
永春,2026-01-18,14094,14236.694044616892
永春,2026-01-19,20901,20847.21449570982
永春,2026-01-20,22539,22152.735094372867
永春,2026-01-21,21949,22126.214621241867
永春,2026-01-22,22108,22377.77911457084
永春,2026-01-23,23963,23447.620465385204
永春,2026-01-24,17642,17628.71555010044
永春,2026-01-25,14503,14175.9084817744
永春,2026-01-26,18662,21010.293974563632
永春,2026-01-27,20328,21495.224433101965
永春,2026-01-28,20097,21075.800749810005
永春,2026-01-29,20557,21375.7365670717
永春,2026-01-30,22046,22713.23417680724
永春,2026-01-31,18252,16696.06354960457
永春,2026-02-01,14111,14186.739988605786
永春,2026-02-02,19341,20351.274233661905
永春,2026-02-03,20280,21413.4895839072
永春,2026-02-04,20350,20916.681070104005
永春,2026-02-05,21560,21317.247385661245
永春,2026-02-06,22351,22920.833703187644
永春,2026-02-07,18094,17247.56905859115
永春,2026-02-08,14742,14165.182058831457
永春,2026-02-09,19875,20491.970042266723
永春,2026-02-10,21106,21490.284019866733
永春,2026-02-11,20970,21216.79262181321
永春,2026-02-12,21628,21743.284106517644
永春,2026-02-13,21771,22958.0439672787
永春,2026-02-14,15857,17175.424155801116
永春,2026-02-15,12677,13461.752141865183
永春,2026-02-16,8584,7422.439004077369
永春,2026-02-17,8528,9406.944614068692
永春,2026-02-18,9170,8966.089226572189
永春,2026-02-19,9953,9695.435725800424
永春,2026-02-20,11029,14908.319028523543
永春,2026-02-21,12718,15911.848781543278
永春,2026-02-22,12291,11886.26525427869
永春,2026-02-23,20042,19189.48637228146
永春,2026-02-24,21841,20910.70428860481
永春,2026-02-25,22194,21392.818832255423
永春,2026-02-26,23252,22235.8095783121
永春,2026-02-27,16255,14728.084926360752
永春,2026-02-28,15894,17297.788734778533
永春,2026-03-01,13170,13727.970904586302
永春,2026-03-02,20987,20135.84899994835
永春,2026-03-03,21527,21741.3043477963
永春,2026-03-04,21909,21620.51748085092
永春,2026-03-05,22722,22359.41709632941
永春,2026-03-06,24020,23030.94351960397
永春,2026-03-07,18068,17051.75558145697
永春,2026-03-08,13881,14306.375476668876
永春,2026-03-09,20987,20730.433964991305
永春,2026-03-10,22240,21788.528230020976
永春,2026-03-11,22729,21927.52068714342
永春,2026-03-12,22910,22752.6423991932
永春,2026-03-13,24291,23350.94429975927
永春,2026-03-14,17710,17509.74671341248
永春,2026-03-15,14790,14166.389136887065
永春,2026-03-16,20473,21025.81506463665
永春,2026-03-17,22180,21803.23952026566
永春,2026-03-18,22474,22030.433107060937
永春,2026-03-19,22393,22658.009571509185
永春,2026-03-20,24692,23278.839929666938
永春,2026-03-21,18607,17577.043847607372
永春,2026-03-22,14761,14660.817958512283
永春,2026-03-23,20696,20981.740677463666
永春,2026-03-24,22216,21964.306801114755
永春,2026-03-25,22248,22123.00177680941
永春,2026-03-26,22203,22525.75402392755
永春,2026-03-27,23172,23436.56512518539
永春,2026-03-28,17723,17225.919651650096
永春,2026-03-29,13709,14171.893516128275
永春,2026-03-30,20942,20439.19038391766
永春,2026-03-31,22417,21924.998181847448
永春,2026-04-01,21908,22170.025590952948
永春,2026-04-02,23122,22367.55734123561
永春,2026-04-03,14875,15622.72935857563
永春,2026-04-04,13555,17243.83333911699
永春,2026-04-05,12395,12604.497617160989
永春,2026-04-06,11533,11700.313544783505
永春,2026-04-07,21627,21235.620210698115
永春,2026-04-08,22271,21593.14780558294
永春,2026-04-09,22632,22518.278955435373
永春,2026-04-10,23619,23254.95247696849
永春,2026-04-11,17487,16643.20336008836
永春,2026-04-12,14567,14021.353894880607
永春,2026-04-13,20449,20793.243978135542
永春,2026-04-14,21897,21985.36993911192
永春,2026-04-15,22049,22057.25156144484
永春,2026-04-16,21927,22516.921313946623
永春,2026-04-17,23201,23134.50637907078
永春,2026-04-18,17430,16809.947449466355
永春,2026-04-19,13933,14064.845287922424
永春,2026-04-20,20497,20480.242075985538
永春,2026-04-21,21607,21883.931795817432
永春,2026-04-22,21809,21899.45811197215
永春,2026-04-23,21647,22262.10497661129
永春,2026-04-24,23585,22997.244332513543
永春,2026-04-25,17328,17002.243587312998
永春,2026-04-26,15407,13999.705579057594
永春,2026-04-27,20723,21015.049405113616
永春,2026-04-28,22364,22062.41845191908
永春,2026-04-29,22398,22212.93434091658
永春,2026-04-30,23479,22470.711305221717
永春,2026-05-01,15757,15886.835885293023
永春,2026-05-02,15851,17303.608553080652
永春,2026-05-03,13326,13872.271519309674
永春,2026-05-04,21204,20096.78504979544
永春,2026-05-05,22702,22049.57258159333
永春,2026-05-06,22434,22346.78197360277
永春,2026-05-07,22390,22762.36229934778
永春,2026-05-08,23538,23420.6175375926
永春,2026-05-09,19975,16798.17169098467
永春,2026-05-10,13529,15060.28627047654
永春,2026-05-11,18794,20840.748345805077
永春,2026-05-12,21424,21482.683447925858
永春,2026-05-13,21011,21700.192588930666
永春,2026-05-14,21247,21933.814456574488
永春,2026-05-15,23246,22840.99214989001
永春,2026-05-16,17227,17268.432853307397
永春,2026-05-17,14568,13714.523272022345
永春,2026-05-18,20293,20387.525738625
永春,2026-05-19,21494,21967.860636419795
永春,2026-05-20,21892,21734.997675852377
永春,2026-05-21,21629,22168.45887622155
永春,2026-05-22,23098,23164.776561517097
永春,2026-05-23,17392,17108.71726527355
永春,2026-05-24,14384,14048.937722317904
永春,2026-05-25,20228,20433.9443043937
永春,2026-05-26,21561,21831.290558874243
永春,2026-05-27,21831,21819.26637709457
永春,2026-05-28,21652,22075.986777405666
永春,2026-05-29,22862,23129.936488529554
永春,2026-05-30,17231,17077.587170297993
永春,2026-05-31,14132,13997.662199428309
江子翠,2026-01-01,17467,20295.079444835712
江子翠,2026-01-02,29092,31085.382514601515
江子翠,2026-01-03,22753,24302.659810875357
江子翠,2026-01-04,18925,19373.484363277777
江子翠,2026-01-05,29028,28055.32267829758
江子翠,2026-01-06,29738,29462.10841171639
江子翠,2026-01-07,29986,30322.44422104132
江子翠,2026-01-08,30076,29781.36526298723
江子翠,2026-01-09,31865,31176.264458122703
江子翠,2026-01-10,24944,24941.08873556983
江子翠,2026-01-11,19736,20270.93060193822
江子翠,2026-01-12,28494,28878.02855260227
江子翠,2026-01-13,29581,29659.83045914242
江子翠,2026-01-14,29910,30283.62858631924
江子翠,2026-01-15,30034,29815.163120468016
江子翠,2026-01-16,31665,31278.76251195896
江子翠,2026-01-17,24734,24877.45311897189
江子翠,2026-01-18,19525,20091.92610970553
江子翠,2026-01-19,28647,28721.274508205373
江子翠,2026-01-20,30299,29646.44753348788
江子翠,2026-01-21,29667,30402.097232932425
江子翠,2026-01-22,29829,29874.96376569625
江子翠,2026-01-23,31485,31306.004161084024
江子翠,2026-01-24,24745,24784.763205782183
江子翠,2026-01-25,20565,19960.99051247188
江子翠,2026-01-26,29186,28965.97663189753
江子翠,2026-01-27,30023,30019.14129434225
江子翠,2026-01-28,29805,30308.30468091121
江子翠,2026-01-29,30633,29921.206505054022
江子翠,2026-01-30,31706,31573.058492079774
江子翠,2026-01-31,24774,24937.598008427594
江子翠,2026-02-01,19491,20146.63860548656
江子翠,2026-02-02,28811,28760.01546452862
江子翠,2026-02-03,30745,29816.047367271123
江子翠,2026-02-04,30908,30312.18836617233
江子翠,2026-02-05,30711,30380.348384189296
江子翠,2026-02-06,32472,31763.79295764372
江子翠,2026-02-07,25592,25180.834336435702
江子翠,2026-02-08,21263,20363.7698404404
江子翠,2026-02-09,29559,29379.141138143437
江子翠,2026-02-10,30851,30447.68387067189
江子翠,2026-02-11,30885,30650.28720186448
江子翠,2026-02-12,31062,30538.90037561493
江子翠,2026-02-13,30900,32026.324320797587
江子翠,2026-02-14,20903,24903.81828120538
江子翠,2026-02-15,16135,19146.827290697336
江子翠,2026-02-16,11007,11882.41066236416
江子翠,2026-02-17,14524,13307.85303848008
江子翠,2026-02-18,15043,14197.208550554433
江子翠,2026-02-19,15709,14580.253857835534
江子翠,2026-02-20,17133,21362.995589594877
江子翠,2026-02-21,19716,23217.098721787486
江子翠,2026-02-22,17622,17870.408704195004
江子翠,2026-02-23,28023,27373.51400666216
江子翠,2026-02-24,29023,29515.466807414374
江子翠,2026-02-25,30078,29829.744660887314
江子翠,2026-02-26,31277,30180.95454559892
江子翠,2026-02-27,23101,20505.72184900577
江子翠,2026-02-28,22024,24087.374474458346
江子翠,2026-03-01,18471,19085.908156103786
江子翠,2026-03-02,28801,28269.63481524564
江子翠,2026-03-03,29551,29978.040496362217
江子翠,2026-03-04,29824,30256.60018593322
江子翠,2026-03-05,30329,30483.94674164809
江子翠,2026-03-06,31664,31073.57461176473
江子翠,2026-03-07,25273,23155.891477057485
江子翠,2026-03-08,20059,19580.16825066337
江子翠,2026-03-09,29057,29049.356848328094
江子翠,2026-03-10,29882,30266.272449911645
江子翠,2026-03-11,30896,30427.387745026845
江子翠,2026-03-12,30517,30848.60736364148
江子翠,2026-03-13,32067,31409.81200766712
江子翠,2026-03-14,26426,23734.10475712865
江子翠,2026-03-15,20996,20054.513786224332
江子翠,2026-03-16,28852,29468.75037576349
江子翠,2026-03-17,30045,30325.365744518727
江子翠,2026-03-18,30316,30610.502399524703
江子翠,2026-03-19,30185,30680.86949075776
江子翠,2026-03-20,32196,31396.818980754048
江子翠,2026-03-21,26708,24202.88150063243
江子翠,2026-03-22,21269,20288.789893183595
江子翠,2026-03-23,29017,29455.89070664995
江子翠,2026-03-24,29722,30359.876211618182
江子翠,2026-03-25,30386,30512.77363793787
江子翠,2026-03-26,29915,30587.98975638379
江子翠,2026-03-27,31093,31472.294377921426
江子翠,2026-03-28,25089,24346.108305709407
江子翠,2026-03-29,19193,19906.470957498183
江子翠,2026-03-30,28798,28584.935520153835
江子翠,2026-03-31,29660,29838.37294550092
江子翠,2026-04-01,29938,30294.02097399955
江子翠,2026-04-02,31141,30261.868681877902
江子翠,2026-04-03,20488,21321.113888231564
江子翠,2026-04-04,18286,24515.08814647908
江子翠,2026-04-05,17466,18018.38644879976
江子翠,2026-04-06,17129,17079.024415909385
江子翠,2026-04-07,28674,28909.900413567462
江子翠,2026-04-08,29871,29577.92138418272
江子翠,2026-04-09,30232,30113.962562157903
江子翠,2026-04-10,31824,31113.402546936177
江子翠,2026-04-11,25647,23493.29901967207
江子翠,2026-04-12,20057,19880.526548518203
江子翠,2026-04-13,28501,28946.15752288712
江子翠,2026-04-14,29427,29821.842585084625
江子翠,2026-04-15,29831,30247.209672015677
江子翠,2026-04-16,30108,30400.15218963644
江子翠,2026-04-17,31048,31322.187189888216
江子翠,2026-04-18,25113,23695.81429654109
江子翠,2026-04-19,19933,19698.267828251723
江子翠,2026-04-20,28737,28739.87574690876
江子翠,2026-04-21,29471,29755.63600225509
江子翠,2026-04-22,30116,30187.06210071051
江子翠,2026-04-23,29727,30428.2431971133
江子翠,2026-04-24,31547,31211.202998166544
江子翠,2026-04-25,25150,24061.563971046395
江子翠,2026-04-26,21294,19795.94082271937
江子翠,2026-04-27,29152,29116.78804755094
江子翠,2026-04-28,29983,29978.099516165377
江子翠,2026-04-29,30294,30427.66124097673
江子翠,2026-04-30,31267,30459.19938566297
江子翠,2026-05-01,23280,21426.94606544174
江子翠,2026-05-02,22628,25005.33087794417
江子翠,2026-05-03,19202,19737.26710940186
江子翠,2026-05-04,29212,28431.98070894908
江子翠,2026-05-05,30018,29688.925359473084
江子翠,2026-05-06,30955,30284.91469294529
江子翠,2026-05-07,31025,30723.09210853032
江子翠,2026-05-08,31883,32068.75251404593
江子翠,2026-05-09,25565,24128.029677409148
江子翠,2026-05-10,19807,20212.542749308283
江子翠,2026-05-11,28951,28980.91065603807
江子翠,2026-05-12,29900,29860.176905002754
江子翠,2026-05-13,29897,30424.140631334605
江子翠,2026-05-14,29855,30512.747970382778
江子翠,2026-05-15,32185,31618.374151523567
江子翠,2026-05-16,26225,24271.97865386613
江子翠,2026-05-17,21394,20261.904098312567
江子翠,2026-05-18,28937,29446.898387386234
江子翠,2026-05-19,29438,30071.517320174324
江子翠,2026-05-20,30205,30300.133364784484
江子翠,2026-05-21,29576,30461.464833947197
江子翠,2026-05-22,31087,31676.838588143917
江子翠,2026-05-23,25604,24324.74810480333
江子翠,2026-05-24,20592,20168.699767690137
江子翠,2026-05-25,28721,29014.67529325
江子翠,2026-05-26,29390,29750.88869702042
江子翠,2026-05-27,29832,30177.69461650689
江子翠,2026-05-28,29438,30156.20096335097
江子翠,2026-05-29,30689,31473.127691992453
江子翠,2026-05-30,25002,24415.3708109976
江子翠,2026-05-31,20104,20027.17400343705
海山,2026-01-01,13649,16030.558969055168
海山,2026-01-02,23872,24943.973992586893
海山,2026-01-03,17768,18618.738247918413
海山,2026-01-04,14981,15158.073871447104
海山,2026-01-05,24446,23440.02259476574
海山,2026-01-06,24693,24590.876054475782
海山,2026-01-07,24752,24994.42392028982
海山,2026-01-08,24704,24191.547307373352
海山,2026-01-09,26257,25579.25527002637
海山,2026-01-10,19846,19572.2718373256
海山,2026-01-11,15455,16159.858502427587
海山,2026-01-12,24048,24068.86148328076
海山,2026-01-13,24814,24606.993146868605
海山,2026-01-14,25051,25016.621748351
海山,2026-01-15,24905,24504.558963061187
海山,2026-01-16,26283,25856.64563064629
海山,2026-01-17,19530,19703.1991294854
海山,2026-01-18,15743,15940.613132514794
海山,2026-01-19,24007,24089.066591916173
海山,2026-01-20,25141,24648.519864398542
海山,2026-01-21,24540,25146.042382452277
海山,2026-01-22,24396,24428.961559347048
海山,2026-01-23,26276,25698.78982894689
海山,2026-01-24,20100,19591.223848710277
海山,2026-01-25,16857,16101.01263624188
海山,2026-01-26,23555,24499.118907286964
海山,2026-01-27,23986,24716.805731293323
海山,2026-01-28,24216,24637.613425799365
海山,2026-01-29,24809,24173.001526814773
海山,2026-01-30,25823,25854.791731899328
海山,2026-01-31,20231,19563.01769127174
海山,2026-02-01,14929,16256.402856003951
海山,2026-02-02,23281,23677.4206938134
海山,2026-02-03,24586,24261.6935919488
海山,2026-02-04,24846,24689.65085989653
海山,2026-02-05,25333,24539.503392846596
海山,2026-02-06,26108,26077.686000738904
海山,2026-02-07,20339,19845.19730851574
海山,2026-02-08,16538,16065.942146424306
海山,2026-02-09,23936,24208.993272473966
海山,2026-02-10,25012,24751.15260591057
海山,2026-02-11,24690,25006.68963991501
海山,2026-02-12,25339,24697.211119071555
海山,2026-02-13,24786,26095.87997036023
海山,2026-02-14,16869,19471.573665428743
海山,2026-02-15,13763,14905.466523948038
海山,2026-02-16,10005,11747.199514258728
海山,2026-02-17,13987,12324.958047384003
海山,2026-02-18,13860,13440.045565360067
海山,2026-02-19,14992,13654.362231016636
海山,2026-02-20,15509,17490.827791603242
海山,2026-02-21,16929,18798.87827749319
海山,2026-02-22,14453,14642.481490144371
海山,2026-02-23,23893,22736.138831460048
海山,2026-02-24,24580,24724.94559514713
海山,2026-02-25,25286,24772.098727345703
海山,2026-02-26,26377,25129.255377619367
海山,2026-02-27,18789,17319.215971201204
海山,2026-02-28,18465,19695.79714105634
海山,2026-03-01,15536,15529.73001148053
海山,2026-03-02,24702,23667.52839545785
海山,2026-03-03,24654,25103.35048189516
海山,2026-03-04,24782,25027.8835729422
海山,2026-03-05,25262,25196.865647085644
海山,2026-03-06,26654,25859.771842120503
海山,2026-03-07,20688,19170.8675173364
海山,2026-03-08,16317,16168.57599316426
海山,2026-03-09,24670,24280.98265518505
海山,2026-03-10,24839,25155.27788008988
海山,2026-03-11,26210,25064.209038004192
海山,2026-03-12,25806,25667.82713525125
海山,2026-03-13,26976,26299.443625229484
海山,2026-03-14,20961,19729.57867081217
海山,2026-03-15,16918,16357.06080491591
海山,2026-03-16,24756,24562.926716419992
海山,2026-03-17,25474,25222.060164534887
海山,2026-03-18,25784,25537.86744924408
海山,2026-03-19,25731,25624.08226420845
海山,2026-03-20,27170,26347.40844433725
海山,2026-03-21,20661,19955.32985631247
海山,2026-03-22,16958,16373.000215102958
海山,2026-03-23,24788,24568.318578525203
海山,2026-03-24,25461,25290.1327545142
海山,2026-03-25,25530,25536.37533659936
海山,2026-03-26,25461,25552.637701207248
海山,2026-03-27,25915,26356.802520698253
海山,2026-03-28,19858,19578.567690217165
海山,2026-03-29,15576,16047.068773053215
海山,2026-03-30,24789,24007.078560817507
海山,2026-03-31,25021,25125.552743633554
海山,2026-04-01,24667,25316.10548735988
海山,2026-04-02,25911,25175.88980614436
海山,2026-04-03,17247,17688.480728133327
海山,2026-04-04,14776,19585.99864672858
海山,2026-04-05,15288,14224.295545802248
海山,2026-04-06,13959,14921.158894357555
海山,2026-04-07,24228,24145.48289009166
海山,2026-04-08,25191,24625.408575077152
海山,2026-04-09,25728,25315.382852926297
海山,2026-04-10,26665,26146.73331192458
海山,2026-04-11,20193,18918.166391617804
海山,2026-04-12,17003,16342.043206026232
海山,2026-04-13,24366,24469.755800809344
海山,2026-04-14,25161,25146.190718177488
海山,2026-04-15,25037,25382.04916419669
海山,2026-04-16,24974,25509.456206644827
海山,2026-04-17,26391,26056.94490816436
海山,2026-04-18,20370,19197.00985040534
海山,2026-04-19,16362,16435.02140571274
海山,2026-04-20,24386,24275.51648147003
海山,2026-04-21,25124,25085.585034237025
海山,2026-04-22,25350,25263.490757707343
海山,2026-04-23,24816,25484.602955443108
海山,2026-04-24,25626,26077.39028213024
海山,2026-04-25,19492,19114.094236708064
海山,2026-04-26,17305,16014.540144473083
海山,2026-04-27,24671,24499.322665061965
海山,2026-04-28,25277,25249.879457345865
海山,2026-04-29,25162,25393.97318864272
海山,2026-04-30,25740,25347.35394593096
海山,2026-05-01,20427,17688.71907824524
海山,2026-05-02,18653,20367.55127301334
海山,2026-05-03,15921,16369.010012851748
海山,2026-05-04,23524,24097.8277086406
海山,2026-05-05,24784,24732.955310590427
海山,2026-05-06,25670,25017.23807337228
海山,2026-05-07,25777,25516.07310852504
海山,2026-05-08,26622,26847.9426334363
海山,2026-05-09,20263,19232.24379759227
海山,2026-05-10,15895,16521.2474556197
海山,2026-05-11,24556,24064.494365606548
海山,2026-05-12,25144,25113.658107886356
海山,2026-05-13,24802,25388.79282589944
海山,2026-05-14,24568,25335.44997226701
海山,2026-05-15,26946,26221.544225032485
海山,2026-05-16,20768,19455.416414538584
海山,2026-05-17,17111,16574.198634095
海山,2026-05-18,24661,24637.824315727165
海山,2026-05-19,25084,25297.006283901857
海山,2026-05-20,25311,25288.10290062405
海山,2026-05-21,25080,25360.69723748801
海山,2026-05-22,26338,26592.043443614864
海山,2026-05-23,20582,19534.988006514184
海山,2026-05-24,16878,16598.3590933067
海山,2026-05-25,24518,24512.510245899382
海山,2026-05-26,25117,25172.201237093235
海山,2026-05-27,24738,25299.72294505568
海山,2026-05-28,24853,25140.97502942474
海山,2026-05-29,25933,26376.30567620486
海山,2026-05-30,19988,19499.23502937529
海山,2026-05-31,16170,16375.12519008358
淡水,2026-01-01,27884,27590.027884357907
淡水,2026-01-02,34107,34580.63786840203
淡水,2026-01-03,33733,32220.244715176137
淡水,2026-01-04,35074,32015.79850998558
淡水,2026-01-05,31382,35207.17832295859
淡水,2026-01-06,30390,32790.886864014494
淡水,2026-01-07,31388,29924.45403846008
淡水,2026-01-08,31956,29161.362108061705
淡水,2026-01-09,35904,38736.96108339735
淡水,2026-01-10,34960,33037.17811834401
淡水,2026-01-11,30325,33412.047216444065
淡水,2026-01-12,30204,31627.643344642325
淡水,2026-01-13,32686,31781.344966687306
淡水,2026-01-14,33016,31265.72164072133
淡水,2026-01-15,33967,30653.907385166425
淡水,2026-01-16,34656,39040.17854598157
淡水,2026-01-17,36935,32758.125186400604
淡水,2026-01-18,33382,33878.70693795854
淡水,2026-01-19,30242,32753.30643378336
淡水,2026-01-20,29803,31813.18326178904
淡水,2026-01-21,28044,30164.900977666308
淡水,2026-01-22,28489,28960.31312958764
淡水,2026-01-23,33049,35094.004878228305
淡水,2026-01-24,31452,33261.769025639376
淡水,2026-01-25,35070,30697.134505534174
淡水,2026-01-26,32157,33343.10670315668
淡水,2026-01-27,29451,32254.9670859006
淡水,2026-01-28,29561,29368.096120985658
淡水,2026-01-29,34034,29786.42863978132
淡水,2026-01-30,35215,37470.91765890363
淡水,2026-01-31,27864,33778.437195552906
淡水,2026-02-01,22986,29709.695045564866
淡水,2026-02-02,27133,26489.162400348643
淡水,2026-02-03,31572,29395.23158106073
淡水,2026-02-04,34676,30773.024347380997
淡水,2026-02-05,34487,33548.92009603983
淡水,2026-02-06,33047,36820.61472004185
淡水,2026-02-07,27116,31031.022611944827
淡水,2026-02-08,25476,27808.94963093116
淡水,2026-02-09,29979,28043.932173073008
淡水,2026-02-10,33751,31320.512514213235
淡水,2026-02-11,30449,32829.977640137025
淡水,2026-02-12,32848,31416.99358270245
淡水,2026-02-13,33123,35164.116892793994
淡水,2026-02-14,31989,30019.16567482292
淡水,2026-02-15,29892,29764.35875395017
淡水,2026-02-16,18930,45542.670486576695
淡水,2026-02-17,39418,32190.55968665249
淡水,2026-02-18,45079,43597.30396977969
淡水,2026-02-19,61463,46890.68293109151
淡水,2026-02-20,51113,46857.46731490436
淡水,2026-02-21,52191,37042.94316627078
淡水,2026-02-22,37914,40282.84695622952
淡水,2026-02-23,33899,27338.573029036237
淡水,2026-02-24,33278,35469.90848423437
淡水,2026-02-25,32851,32199.385180153797
淡水,2026-02-26,39444,36914.60154745894
淡水,2026-02-27,33867,43776.08477362251
淡水,2026-02-28,37608,31784.966563559523
淡水,2026-03-01,28262,32548.636974882236
淡水,2026-03-02,32092,23813.11457582253
淡水,2026-03-03,30121,34555.20779560222
淡水,2026-03-04,30773,30697.95955681604
淡水,2026-03-05,33375,36901.02455798889
淡水,2026-03-06,37011,33429.27532957803
淡水,2026-03-07,33961,38279.0805867202
淡水,2026-03-08,31817,28880.30525455841
淡水,2026-03-09,31423,28324.09230293815
淡水,2026-03-10,30467,32764.53248696522
淡水,2026-03-11,36169,30987.795943992853
淡水,2026-03-12,36091,39024.70417878443
淡水,2026-03-13,41034,35313.73095664466
淡水,2026-03-14,42211,39409.93676123908
淡水,2026-03-15,37694,33898.05232342109
淡水,2026-03-16,34794,32092.36789601517
淡水,2026-03-17,35188,33661.44869781174
淡水,2026-03-18,36825,34763.67095168767
淡水,2026-03-19,34515,38303.78306650557
淡水,2026-03-20,40203,35964.83464322506
淡水,2026-03-21,37542,39656.03487536899
淡水,2026-03-22,39672,32372.13015158252
淡水,2026-03-23,33806,34213.99754287086
淡水,2026-03-24,34259,33306.298248117404
淡水,2026-03-25,35713,34958.32858307663
淡水,2026-03-26,36105,36707.62625536912
淡水,2026-03-27,35841,38109.830329530814
淡水,2026-03-28,36822,36656.37873762287
淡水,2026-03-29,32285,34176.95599755282
淡水,2026-03-30,36366,30073.181505206987
淡水,2026-03-31,32829,35442.88981089756
淡水,2026-04-01,30179,34198.652882762464
淡水,2026-04-02,35448,33501.173521402015
淡水,2026-04-03,31125,42224.78237422483
淡水,2026-04-04,25713,31445.617782652535
淡水,2026-04-05,36198,28229.12578839683
淡水,2026-04-06,26331,39088.15134448986
淡水,2026-04-07,28924,26334.8934885425
淡水,2026-04-08,31902,31921.47555143224
淡水,2026-04-09,35366,35078.688684758985
淡水,2026-04-10,39503,34538.27025637256
淡水,2026-04-11,38724,37257.64322212303
淡水,2026-04-12,34548,36671.40173132463
淡水,2026-04-13,32587,29727.24890386723
淡水,2026-04-14,33528,33172.344966790326
淡水,2026-04-15,32804,33724.72405685236
淡水,2026-04-16,33172,35494.43743133375
淡水,2026-04-17,38112,34306.23832996447
淡水,2026-04-18,35812,36864.23318653496
淡水,2026-04-19,36482,34756.251442288645
淡水,2026-04-20,33286,31411.315429210124
淡水,2026-04-21,34037,33577.826129221714
淡水,2026-04-22,33879,33748.677886983794
淡水,2026-04-23,31693,35479.92004466409
淡水,2026-04-24,34483,34505.92283319656
淡水,2026-04-25,32257,34708.3039509613
淡水,2026-04-26,45143,33370.786273575104
淡水,2026-04-27,34212,36964.38603612119
淡水,2026-04-28,34690,33682.77423504641
淡水,2026-04-29,33435,34126.645291007866
淡水,2026-04-30,35758,34180.715462199165
淡水,2026-05-01,43951,41522.67561865075
淡水,2026-05-02,48120,36496.24522712066
淡水,2026-05-03,37656,44965.2223912359
淡水,2026-05-04,31541,31228.270395017786
淡水,2026-05-05,29188,33003.3615604448
淡水,2026-05-06,34858,30994.87117733332
淡水,2026-05-07,35852,35606.5685682043
淡水,2026-05-08,37281,37420.09726699549
淡水,2026-05-09,33075,38281.50589630292
淡水,2026-05-10,33758,35115.51594014305
淡水,2026-05-11,34126,29956.408326082143
淡水,2026-05-12,34876,33630.53542892377
淡水,2026-05-13,32023,34957.23925107716
淡水,2026-05-14,31199,33810.22767006161
淡水,2026-05-15,39460,35051.92477363895
淡水,2026-05-16,49583,38680.401070385655
淡水,2026-05-17,46257,43628.18024910378
淡水,2026-05-18,35184,37015.61456288143
淡水,2026-05-19,35796,33813.56586556863
淡水,2026-05-20,36465,34813.53682770798
淡水,2026-05-21,35095,35566.418326967265
淡水,2026-05-22,39193,38077.290855749205
淡水,2026-05-23,43904,40977.78091939728
淡水,2026-05-24,38819,41150.37363873358
淡水,2026-05-25,32939,32836.61198186292
淡水,2026-05-26,33164,33503.49568830188
淡水,2026-05-27,33891,33792.41307780024
淡水,2026-05-28,33503,34103.96436912294
淡水,2026-05-29,36134,37708.90522378366
淡水,2026-05-30,40627,40342.15250410381
淡水,2026-05-31,37345,38966.23472444853
港墘,2026-01-01,5190,6481.576344332738
港墘,2026-01-02,18517,20147.639090839733
港墘,2026-01-03,7027,7020.30450168399
港墘,2026-01-04,5637,5581.975627017309
港墘,2026-01-05,19962,19225.25888403837
港墘,2026-01-06,20755,20248.43107169918
港墘,2026-01-07,20952,20747.03217866213
港墘,2026-01-08,20758,20195.636528523668
港墘,2026-01-09,21119,20393.133970962263
港墘,2026-01-10,7999,7912.921875809996
港墘,2026-01-11,5651,6247.0651620845165
港墘,2026-01-12,19700,19606.49625352672
港墘,2026-01-13,20276,20368.70835082873
港墘,2026-01-14,20561,20667.98610118701
港墘,2026-01-15,20513,20117.04377780196
港墘,2026-01-16,20481,20352.41675598796
港墘,2026-01-17,7444,7693.230544579983
港墘,2026-01-18,6557,5925.542464868096
港墘,2026-01-19,20100,19745.70306595274
港墘,2026-01-20,21284,20521.368477723423
港墘,2026-01-21,20525,20998.32420771177
港墘,2026-01-22,20288,20305.15753419577
港墘,2026-01-23,20776,20368.582014366417
港墘,2026-01-24,7295,7744.164951585994
港墘,2026-01-25,5775,5998.183270329035
港墘,2026-01-26,18013,19575.87188567193
港墘,2026-01-27,19567,19958.47427170895
港墘,2026-01-28,19206,20192.02305833674
港墘,2026-01-29,18937,19613.89750320268
港墘,2026-01-30,18934,19747.890841648463
港墘,2026-01-31,7281,6901.023466735605
港墘,2026-02-01,5909,5613.453841207778
港墘,2026-02-02,18127,19267.55390423117
港墘,2026-02-03,18905,19885.40261643605
港墘,2026-02-04,19116,19889.39680146132
港墘,2026-02-05,18894,19426.24875731413
港墘,2026-02-06,19108,19590.854357635915
港墘,2026-02-07,7485,6967.548455360691
港墘,2026-02-08,6076,5712.698426823623
港墘,2026-02-09,18196,19211.812241223688
港墘,2026-02-10,19283,19822.23377032394
港墘,2026-02-11,18842,19925.78521490716
港墘,2026-02-12,18690,19347.782186685818
港墘,2026-02-13,17356,19474.1370312927
港墘,2026-02-14,5833,6529.923794080238
港墘,2026-02-15,4367,5090.441453554369
港墘,2026-02-16,2937,2749.9369667429382
港墘,2026-02-17,3390,3923.259215683724
港墘,2026-02-18,3600,4017.9816567366943
港墘,2026-02-19,4289,3688.718692624207
港墘,2026-02-20,4645,5653.602099536387
港墘,2026-02-21,5341,6907.276756776784
港墘,2026-02-22,4837,5077.538424860097
港墘,2026-02-23,19379,18527.165844399424
港墘,2026-02-24,20239,19753.27510340276
港墘,2026-02-25,20343,20034.722959044488
港墘,2026-02-26,20546,19871.81652561976
港墘,2026-02-27,6388,5950.722459463243
港墘,2026-02-28,6223,7373.89637568768
港墘,2026-03-01,5624,5577.056534337826
港墘,2026-03-02,20005,19071.725090592947
港墘,2026-03-03,21114,20178.30982236858
港墘,2026-03-04,21241,20469.945210606133
港墘,2026-03-05,20840,20366.669400007704
港墘,2026-03-06,21198,20166.61521287468
港墘,2026-03-07,7525,7606.692271878324
港墘,2026-03-08,5579,6093.8486416461965
港墘,2026-03-09,20260,19393.943970950742
港墘,2026-03-10,20838,20451.08135150626
港墘,2026-03-11,21076,20558.95473600172
港墘,2026-03-12,20843,20375.462908852736
港墘,2026-03-13,21342,20267.61646534049
港墘,2026-03-14,8086,7631.373172103973
港墘,2026-03-15,7503,6196.651196538896
港墘,2026-03-16,20140,20080.954139102687
港墘,2026-03-17,20999,20723.184596227897
港墘,2026-03-18,21096,20762.638095183785
港墘,2026-03-19,20347,20499.038745620885
港墘,2026-03-20,20561,20288.93447130488
港墘,2026-03-21,7784,7430.830323378013
港墘,2026-03-22,6024,6158.330977735495
港墘,2026-03-23,19873,19602.03462856244
港墘,2026-03-24,20729,20467.751229882204
港墘,2026-03-25,20847,20600.096472686357
港墘,2026-03-26,20271,20323.63200756125
港墘,2026-03-27,20571,20227.34226721544
港墘,2026-03-28,7484,7433.526181687212
港墘,2026-03-29,5849,6040.758907931566
港墘,2026-03-30,19702,19543.686156978943
港墘,2026-03-31,20778,20411.61899774149
港墘,2026-04-01,20615,20602.83989766293
港墘,2026-04-02,20412,20244.62439685559
港墘,2026-04-03,6124,6376.074166542545
港墘,2026-04-04,5456,7292.823702225472
港墘,2026-04-05,4939,5410.618578351889
港墘,2026-04-06,4845,5150.898865703934
港墘,2026-04-07,20566,19967.19933208936
港墘,2026-04-08,20816,20329.80587329094
港墘,2026-04-09,20397,20196.54794289787
港墘,2026-04-10,21061,20206.664375334567
港墘,2026-04-11,7877,7339.639530914887
港墘,2026-04-12,6839,6121.649291177782
港墘,2026-04-13,19822,19860.26105933809
港墘,2026-04-14,20868,20704.74397717329
港墘,2026-04-15,20683,20765.65349691319
港墘,2026-04-16,20506,20352.569041639745
港墘,2026-04-17,20303,20396.76020359432
港墘,2026-04-18,9285,7246.047565418412
港墘,2026-04-19,6383,6512.235669918598
港墘,2026-04-20,18633,19870.241078227315
港墘,2026-04-21,20399,20409.26061995053
港墘,2026-04-22,20615,20489.28473142611
港墘,2026-04-23,20317,20233.74306626549
港墘,2026-04-24,20804,20271.30274241235
港墘,2026-04-25,8072,7569.187481950092
港墘,2026-04-26,7191,6207.151778179716
港墘,2026-04-27,19581,19812.989981756127
港墘,2026-04-28,20317,20700.81323137453
港墘,2026-04-29,20464,20613.110166390503
港墘,2026-04-30,21181,20250.96942902328
港墘,2026-05-01,7049,6673.560181771431
港墘,2026-05-02,6537,7763.446041196148
港墘,2026-05-03,5778,5975.873985899485
港墘,2026-05-04,20032,19256.740391202184
港墘,2026-05-05,21046,20538.8084594306
港墘,2026-05-06,20993,20738.3343764272
港墘,2026-05-07,20541,20565.85405978303
港墘,2026-05-08,20779,20531.877280968176
港墘,2026-05-09,7729,7536.932118034987
港墘,2026-05-10,5638,6232.616497419043
港墘,2026-05-11,19736,19437.87287676287
港墘,2026-05-12,20332,20560.30118984587
港墘,2026-05-13,20607,20559.953262881754
港墘,2026-05-14,20293,20363.056652986103
港墘,2026-05-15,20204,20405.694264303573
港墘,2026-05-16,7880,7341.447288514053
港墘,2026-05-17,6888,6104.503247894227
港墘,2026-05-18,19349,19778.90154004671
港墘,2026-05-19,19829,20565.368225559545
港墘,2026-05-20,19880,20444.902997574238
港墘,2026-05-21,19699,20106.82211477709
港墘,2026-05-22,19651,20111.39769578727
港墘,2026-05-23,7811,7136.048702772794
港墘,2026-05-24,5731,6061.110194704299
港墘,2026-05-25,19540,19355.726558987742
港墘,2026-05-26,20154,20365.10200464227
港墘,2026-05-27,20225,20414.279785928175
港墘,2026-05-28,20150,20167.51336508944
港墘,2026-05-29,20468,20226.9908127233
港墘,2026-05-30,7467,7507.871537144703
港墘,2026-05-31,5836,6058.227624150786
石牌,2026-01-01,15855,18533.838151550877
石牌,2026-01-02,29272,32575.90489477529
石牌,2026-01-03,21129,21387.01138674598
石牌,2026-01-04,17082,16349.08707205544
石牌,2026-01-05,30478,29673.749697738505
石牌,2026-01-06,30857,31124.53110665686
石牌,2026-01-07,31045,31656.72014677139
石牌,2026-01-08,31602,31028.42334396668
石牌,2026-01-09,32471,32416.727071445606
石牌,2026-01-10,24177,22507.245245516657
石牌,2026-01-11,17270,17998.458238683837
石牌,2026-01-12,29698,30746.07930458705
石牌,2026-01-13,30376,31323.78020345313
石牌,2026-01-14,31068,31397.623827998825
石牌,2026-01-15,30892,30990.175271218995
石牌,2026-01-16,31818,32037.996742550007
石牌,2026-01-17,22574,22538.976469129688
石牌,2026-01-18,17832,17273.783453742173
石牌,2026-01-19,29611,30416.826594129696
石牌,2026-01-20,30784,31006.2230508594
石牌,2026-01-21,30155,31366.780197023854
石牌,2026-01-22,29240,30780.434542196
石牌,2026-01-23,31876,31408.29066958604
石牌,2026-01-24,22527,22347.5351481005
石牌,2026-01-25,18363,17177.04687605081
石牌,2026-01-26,29932,30259.379987758693
石牌,2026-01-27,29813,31037.47555441674
石牌,2026-01-28,30018,30888.065831094103
石牌,2026-01-29,30701,30307.36108346675
石牌,2026-01-30,31420,31836.284023025062
石牌,2026-01-31,21784,22425.84894226282
石牌,2026-02-01,16098,17260.933005430947
石牌,2026-02-02,29345,29393.596429384397
石牌,2026-02-03,30182,30217.00528427776
石牌,2026-02-04,31216,30459.914613621782
石牌,2026-02-05,30618,30553.896698439097
石牌,2026-02-06,31297,31886.0968103808
石牌,2026-02-07,22460,22325.468683210995
石牌,2026-02-08,17542,17296.11369030003
石牌,2026-02-09,29496,29894.933674393164
石牌,2026-02-10,30817,30457.47706673401
石牌,2026-02-11,30187,30917.34259722595
石牌,2026-02-12,30235,30476.36870628174
石牌,2026-02-13,29300,31567.83999844386
石牌,2026-02-14,18442,21645.412687607888
石牌,2026-02-15,13709,15760.31028609806
石牌,2026-02-16,9834,10301.051374731353
石牌,2026-02-17,12327,11342.781908674637
石牌,2026-02-18,13997,12130.95103245322
石牌,2026-02-19,14619,12675.799864624569
石牌,2026-02-20,16764,18301.62274364361
石牌,2026-02-21,17977,21484.442545876896
石牌,2026-02-22,16151,15475.348489862963
石牌,2026-02-23,31146,28564.9440665435
石牌,2026-02-24,32110,30649.065175045893
石牌,2026-02-25,32633,31471.410148457187
石牌,2026-02-26,34663,31687.844361742867
石牌,2026-02-27,20915,19096.47417725005
石牌,2026-02-28,20244,22434.543648877872
石牌,2026-03-01,16645,17108.686566429933
石牌,2026-03-02,31615,30042.932710659537
石牌,2026-03-03,31101,31642.81300326451
石牌,2026-03-04,32248,31855.40098408526
石牌,2026-03-05,32243,32311.80410572749
石牌,2026-03-06,35078,31918.33831321258
石牌,2026-03-07,24355,21671.049606463494
石牌,2026-03-08,18448,18188.26257444936
石牌,2026-03-09,31514,31617.93035706029
石牌,2026-03-10,31505,32155.125279171127
石牌,2026-03-11,33748,32391.88307440157
石牌,2026-03-12,32975,33101.08576835568
石牌,2026-03-13,35545,33214.30445765907
石牌,2026-03-14,26131,22523.198391059726
石牌,2026-03-15,19056,18943.99985410801
石牌,2026-03-16,32014,32231.20365504065
石牌,2026-03-17,32304,32419.519635103647
石牌,2026-03-18,33468,33141.85672346706
石牌,2026-03-19,32378,33214.681529452195
石牌,2026-03-20,34729,33765.78497085963
石牌,2026-03-21,24432,23130.765379109216
石牌,2026-03-22,20024,18341.70530902104
石牌,2026-03-23,31564,32125.05307213296
石牌,2026-03-24,32289,32204.751646092736
石牌,2026-03-25,32653,33198.21337372317
石牌,2026-03-26,32134,32757.32648322032
石牌,2026-03-27,33425,33865.091399702724
石牌,2026-03-28,24800,23097.29453717072
石牌,2026-03-29,19152,18541.66860800125
石牌,2026-03-30,32104,31669.887363667985
石牌,2026-03-31,31862,32204.28642360067
石牌,2026-04-01,32094,32969.39279606972
石牌,2026-04-02,33438,32353.220497197453
石牌,2026-04-03,20159,20799.965047920232
石牌,2026-04-04,17388,23642.48012825103
石牌,2026-04-05,16874,16677.212922209095
石牌,2026-04-06,15661,16705.034729273815
石牌,2026-04-07,30460,30320.3648862738
石牌,2026-04-08,32360,31410.804048796275
石牌,2026-04-09,32719,31921.306002656853
石牌,2026-04-10,34389,33393.34528009334
石牌,2026-04-11,24206,22465.46602292174
石牌,2026-04-12,18565,18728.66966842844
石牌,2026-04-13,31513,31319.363482363693
石牌,2026-04-14,31609,31861.483931745923
石牌,2026-04-15,31792,32683.14032275569
石牌,2026-04-16,31424,32564.91574758075
石牌,2026-04-17,33253,33400.75811468253
石牌,2026-04-18,24725,22044.30221437557
石牌,2026-04-19,19194,18641.685273660267
石牌,2026-04-20,31019,31447.94846236542
石牌,2026-04-21,31668,31753.63248617489
石牌,2026-04-22,31529,32542.367880218808
石牌,2026-04-23,31295,32288.553253995236
石牌,2026-04-24,33107,33348.06693058444
石牌,2026-04-25,22817,22628.861287492466
石牌,2026-04-26,20935,18145.309331758275
石牌,2026-04-27,31559,31572.768264613263
石牌,2026-04-28,32112,31979.996878509584
石牌,2026-04-29,32747,32544.772038831787
石牌,2026-04-30,33981,32509.25614340413
石牌,2026-05-01,21042,21039.356630756185
石牌,2026-05-02,20832,23699.405714404515
石牌,2026-05-03,17485,18626.85207495754
石牌,2026-05-04,31428,30480.50979662621
石牌,2026-05-05,31415,31414.55893622836
石牌,2026-05-06,33317,32025.173912993178
石牌,2026-05-07,32415,32660.24110128375
石牌,2026-05-08,34240,33803.613314151145
石牌,2026-05-09,23720,22831.427849108062
石牌,2026-05-10,17896,19242.873140402076
石牌,2026-05-11,30939,31151.569274731
石牌,2026-05-12,31638,31527.18461090725
石牌,2026-05-13,31232,32422.020999881777
石牌,2026-05-14,30308,32152.809197626128
石牌,2026-05-15,34001,32998.81790716548
石牌,2026-05-16,24852,22317.06355956225
石牌,2026-05-17,20160,18947.202406868117
石牌,2026-05-18,31045,31848.35299387285
石牌,2026-05-19,31439,31934.990314146507
石牌,2026-05-20,32199,32394.098412210034
石牌,2026-05-21,31634,32112.31787790201
石牌,2026-05-22,33316,33796.14424719052
石牌,2026-05-23,24587,22989.28799821796
石牌,2026-05-24,19820,19094.76478931945
石牌,2026-05-25,30416,31555.9281808606
石牌,2026-05-26,30962,31599.001911615134
石牌,2026-05-27,31727,32018.144254479103
石牌,2026-05-28,31027,31638.24539147911
石牌,2026-05-29,32558,33435.61427755417
石牌,2026-05-30,23445,23068.40736529894
石牌,2026-05-31,18643,18784.77379942799
秀朗橋,2026-01-01,993,1163.6894790371884
秀朗橋,2026-01-02,1626,1515.9179700275938
秀朗橋,2026-01-03,1359,1329.3565461024768
秀朗橋,2026-01-04,1097,1101.7924142865736
秀朗橋,2026-01-05,1380,1461.343083199454
秀朗橋,2026-01-06,1449,1501.216867288009
秀朗橋,2026-01-07,1449,1447.2933689540812
秀朗橋,2026-01-08,1434,1459.4375553075226
秀朗橋,2026-01-09,1568,1508.5832022914958
秀朗橋,2026-01-10,1329,1294.6141648847067
秀朗橋,2026-01-11,1076,1069.5365686760222
秀朗橋,2026-01-12,1423,1430.684489609811
秀朗橋,2026-01-13,1460,1507.2200861085637
秀朗橋,2026-01-14,1454,1457.4505758766888
秀朗橋,2026-01-15,1463,1464.2122390026727
秀朗橋,2026-01-16,1542,1530.9019708706328
秀朗橋,2026-01-17,1359,1292.556825949946
秀朗橋,2026-01-18,1019,1082.775616981928
秀朗橋,2026-01-19,1447,1407.493311084247
秀朗橋,2026-01-20,1509,1505.1975238945925
秀朗橋,2026-01-21,1491,1482.3049830525472
秀朗橋,2026-01-22,1510,1494.3485371164838
秀朗橋,2026-01-23,1579,1569.6674780439762
秀朗橋,2026-01-24,1285,1333.5233839205769
秀朗橋,2026-01-25,1133,1058.7855140475976
秀朗橋,2026-01-26,1418,1457.6480365089717
秀朗橋,2026-01-27,1443,1513.2993826830475
秀朗橋,2026-01-28,1425,1453.7818619255504
秀朗橋,2026-01-29,1506,1448.7311086790164
秀朗橋,2026-01-30,1574,1546.2561720309063
秀朗橋,2026-01-31,1328,1316.6035227259706
秀朗橋,2026-02-01,1122,1078.4210270645565
秀朗橋,2026-02-02,1421,1456.6672633840894
秀朗橋,2026-02-03,1479,1510.7790826073756
秀朗橋,2026-02-04,1491,1470.8660980685156
秀朗橋,2026-02-05,1575,1494.5692593529395
秀朗橋,2026-02-06,1635,1602.3996826926011
秀朗橋,2026-02-07,1387,1373.2577019547086
秀朗橋,2026-02-08,1130,1137.6247069313763
秀朗橋,2026-02-09,1414,1484.5650386124123
秀朗橋,2026-02-10,1587,1519.2809390057898
秀朗橋,2026-02-11,1498,1531.1291415616704
秀朗橋,2026-02-12,1512,1531.67133728126
秀朗橋,2026-02-13,1509,1588.1888441131866
秀朗橋,2026-02-14,1125,1303.6012449527327
秀朗橋,2026-02-15,836,973.2416832371543
秀朗橋,2026-02-16,729,865.2145432251507
秀朗橋,2026-02-17,1032,880.4546614148514
秀朗橋,2026-02-18,1151,936.812223744612
秀朗橋,2026-02-19,1091,1066.396798086534
秀朗橋,2026-02-20,1208,1141.669213554308
秀朗橋,2026-02-21,1252,1312.510582545153
秀朗橋,2026-02-22,1024,1037.1376080017135
秀朗橋,2026-02-23,1398,1374.3045427139627
秀朗橋,2026-02-24,1475,1480.954549545901
秀朗橋,2026-02-25,1591,1462.2748576539386
秀朗橋,2026-02-26,1616,1540.2267177936835
秀朗橋,2026-02-27,1363,1251.8571756997214
秀朗橋,2026-02-28,1456,1435.142968227459
秀朗橋,2026-03-01,1098,1197.718648695281
秀朗橋,2026-03-02,1458,1488.9492118806877
秀朗橋,2026-03-03,1586,1564.8227177913257
秀朗橋,2026-03-04,1578,1566.7891241985485
秀朗橋,2026-03-05,1570,1583.9192438725324
秀朗橋,2026-03-06,1711,1645.8244495808483
秀朗橋,2026-03-07,1446,1412.6997625077329
秀朗橋,2026-03-08,1172,1174.744161533101
秀朗橋,2026-03-09,1475,1516.1839329407992
秀朗橋,2026-03-10,1683,1588.5451961452743
秀朗橋,2026-03-11,1500,1626.9716543329885
秀朗橋,2026-03-12,1556,1572.2815891168366
秀朗橋,2026-03-13,1628,1638.4994712675348
秀朗橋,2026-03-14,1394,1367.8996215573309
秀朗橋,2026-03-15,1181,1125.9268980545294
秀朗橋,2026-03-16,1686,1494.923176284571
秀朗橋,2026-03-17,1550,1691.528702786076
秀朗橋,2026-03-18,1522,1597.7850791995745
秀朗橋,2026-03-19,1502,1572.3266305651985
秀朗橋,2026-03-20,1711,1611.6969099768553
秀朗橋,2026-03-21,1383,1398.7034116068342
秀朗橋,2026-03-22,1162,1137.848501606726
秀朗橋,2026-03-23,1493,1502.1214036561244
秀朗橋,2026-03-24,1491,1583.4555656492394
秀朗橋,2026-03-25,1563,1515.9404315313325
秀朗橋,2026-03-26,1567,1551.8624387712885
秀朗橋,2026-03-27,1713,1643.387283275498
秀朗橋,2026-03-28,1331,1410.5736157782587
秀朗橋,2026-03-29,1061,1119.8568332857246
秀朗橋,2026-03-30,1469,1442.5206073609943
秀朗橋,2026-03-31,1478,1536.3825120927672
秀朗橋,2026-04-01,1545,1493.3025948817965
秀朗橋,2026-04-02,1469,1531.5527061486052
秀朗橋,2026-04-03,1195,1198.7865499834734
秀朗橋,2026-04-04,1140,1313.914994721973
秀朗橋,2026-04-05,1072,977.5810059337764
秀朗橋,2026-04-06,946,993.3619221007102
秀朗橋,2026-04-07,1543,1437.7978475946766
秀朗橋,2026-04-08,1465,1484.777675545383
秀朗橋,2026-04-09,1508,1481.711892935533
秀朗橋,2026-04-10,1632,1587.5265792884352
秀朗橋,2026-04-11,1291,1323.7646079152707
秀朗橋,2026-04-12,1085,1069.4104765390734
秀朗橋,2026-04-13,1387,1428.1807543644156
秀朗橋,2026-04-14,1515,1491.9364141530689
秀朗橋,2026-04-15,1483,1492.0437885975616
秀朗橋,2026-04-16,1501,1496.1951409272408
秀朗橋,2026-04-17,1552,1593.1654285412587
秀朗橋,2026-04-18,1371,1282.225360629293
秀朗橋,2026-04-19,1137,1092.4370390156532
秀朗橋,2026-04-20,1432,1461.343553248193
秀朗橋,2026-04-21,1407,1533.4584776126844
秀朗橋,2026-04-22,1487,1456.2309911034877
秀朗橋,2026-04-23,1489,1481.9960677522924
秀朗橋,2026-04-24,1757,1577.6446755018694
秀朗橋,2026-04-25,1314,1384.1959940387362
秀朗橋,2026-04-26,1218,1112.583694616078
秀朗橋,2026-04-27,1450,1507.6471967909013
秀朗橋,2026-04-28,1516,1556.8853375752092
秀朗橋,2026-04-29,1515,1527.72020293218
秀朗橋,2026-04-30,1746,1529.315953634943
秀朗橋,2026-05-01,1337,1349.0193020109216
秀朗橋,2026-05-02,1330,1436.415354379422
秀朗橋,2026-05-03,1100,1154.6849196524786
秀朗橋,2026-05-04,1521,1461.264888858601
秀朗橋,2026-05-05,1709,1568.9534627554829
秀朗橋,2026-05-06,1537,1630.450319533426
秀朗橋,2026-05-07,1502,1603.9756274074566
秀朗橋,2026-05-08,1627,1646.5561454239892
秀朗橋,2026-05-09,1289,1334.4842732434922
秀朗橋,2026-05-10,1090,1086.2561772136514
秀朗橋,2026-05-11,1518,1429.2669676659343
秀朗橋,2026-05-12,1568,1559.8361424320726
秀朗橋,2026-05-13,1489,1545.0448313655554
秀朗橋,2026-05-14,1604,1536.592205876719
秀朗橋,2026-05-15,1651,1666.9943445037638
秀朗橋,2026-05-16,1322,1353.2693384082354
秀朗橋,2026-05-17,1202,1113.2918107635014
秀朗橋,2026-05-18,1462,1504.1311453786118
秀朗橋,2026-05-19,1550,1565.5080628952746
秀朗橋,2026-05-20,1522,1534.061537907064
秀朗橋,2026-05-21,1500,1553.9777703854218
秀朗橋,2026-05-22,1597,1620.2501273088708
秀朗橋,2026-05-23,1436,1302.4762264435494
秀朗橋,2026-05-24,1059,1153.1932614619973
秀朗橋,2026-05-25,1444,1446.3765633803296
秀朗橋,2026-05-26,1435,1529.3616316217733
秀朗橋,2026-05-27,1460,1459.0705615601253
秀朗橋,2026-05-28,1498,1484.676886754757
秀朗橋,2026-05-29,1745,1586.4149274814893
秀朗橋,2026-05-30,1280,1369.9397966039237
秀朗橋,2026-05-31,1099,1097.1046021855902
科技大樓,2026-01-01,7629,8712.970741454574
科技大樓,2026-01-02,14001,16141.493691432092
科技大樓,2026-01-03,10557,9689.033461090006
科技大樓,2026-01-04,8664,8381.416091439685
科技大樓,2026-01-05,14385,14826.826143253214
科技大樓,2026-01-06,15781,15395.98037259199
科技大樓,2026-01-07,14851,15958.080739140089
科技大樓,2026-01-08,14959,15300.220201663536
科技大樓,2026-01-09,15240,15611.77606215422
科技大樓,2026-01-10,10758,10335.646902251156
科技大樓,2026-01-11,8937,8643.829742760117
科技大樓,2026-01-12,13685,14924.480513343797
科技大樓,2026-01-13,14274,15244.657977667082
科技大樓,2026-01-14,14740,15018.867790998296
科技大樓,2026-01-15,14572,15094.316700923702
科技大樓,2026-01-16,14841,15514.773666035002
科技大樓,2026-01-17,10246,10097.14366241946
科技大樓,2026-01-18,8424,8383.79811034776
科技大樓,2026-01-19,14113,14475.96207817986
科技大樓,2026-01-20,14879,15146.927887472835
科技大樓,2026-01-21,14646,15338.898304485449
科技大樓,2026-01-22,14835,15099.59151939712
科技大樓,2026-01-23,14579,15585.55710764264
科技大樓,2026-01-24,11118,10005.06948877213
科技大樓,2026-01-25,9247,8695.825155162735
科技大樓,2026-01-26,14274,14972.787386673052
科技大樓,2026-01-27,14856,15388.239760934546
科技大樓,2026-01-28,14457,15317.587858840425
科技大樓,2026-01-29,14641,15048.245290483736
科技大樓,2026-01-30,14545,15397.77818511549
科技大樓,2026-01-31,9769,10115.480252726
科技大樓,2026-02-01,8396,8210.387715384371
科技大樓,2026-02-02,14103,14389.72157352976
科技大樓,2026-02-03,14435,15110.337439414658
科技大樓,2026-02-04,14639,15008.47341957011
科技大樓,2026-02-05,14891,15014.8985788364
科技大樓,2026-02-06,15380,15465.039691162794
科技大樓,2026-02-07,10981,10332.504511159415
科技大樓,2026-02-08,9132,8797.455704565471
科技大樓,2026-02-09,13614,14898.62924924518
科技大樓,2026-02-10,14426,15005.5244244205
科技大樓,2026-02-11,14874,15015.852559807305
科技大樓,2026-02-12,13834,15125.259771319932
科技大樓,2026-02-13,12885,15134.339572578518
科技大樓,2026-02-14,7378,9311.238495478578
科技大樓,2026-02-15,5769,7008.00403846414
科技大樓,2026-02-16,3996,2804.3710289094
科技大樓,2026-02-17,4431,4549.301381105794
科技大樓,2026-02-18,5210,4905.925190302551
科技大樓,2026-02-19,5768,5038.167517719157
科技大樓,2026-02-20,6242,8215.23128488403
科技大樓,2026-02-21,7632,9518.12795486939
科技大樓,2026-02-22,7553,7059.139054201396
科技大樓,2026-02-23,14685,13919.592627177166
科技大樓,2026-02-24,15629,15118.970042120964
科技大樓,2026-02-25,16235,15620.697414538728
科技大樓,2026-02-26,17513,15885.21614866768
科技大樓,2026-02-27,10514,9013.299828488023
科技大樓,2026-02-28,10164,11412.021502451127
科技大樓,2026-03-01,8978,8892.601140003295
科技大樓,2026-03-02,15363,15029.053606126949
科技大樓,2026-03-03,16380,15822.535061986251
科技大樓,2026-03-04,16728,16182.435203767664
科技大樓,2026-03-05,16917,16435.666163502752
科技大樓,2026-03-06,16985,16714.546080969438
科技大樓,2026-03-07,11286,10981.473798202867
科技大樓,2026-03-08,8960,9201.819810090565
科技大樓,2026-03-09,15685,15095.300134493396
科技大樓,2026-03-10,16697,16024.805291083389
科技大樓,2026-03-11,16636,16387.43103652882
科技大樓,2026-03-12,17664,16375.792925656302
科技大樓,2026-03-13,17356,16953.238775524474
科技大樓,2026-03-14,12447,11406.00804447494
科技大樓,2026-03-15,10311,9702.348519761272
科技大樓,2026-03-16,15619,15867.484831131267
科技大樓,2026-03-17,16074,16266.779763395454
科技大樓,2026-03-18,16378,16175.371719152949
科技大樓,2026-03-19,16495,16351.119846956017
科技大樓,2026-03-20,16913,16451.80095817511
科技大樓,2026-03-21,12092,11211.972493288144
科技大樓,2026-03-22,9530,9567.790749168007
科技大樓,2026-03-23,15306,15377.364317160798
科技大樓,2026-03-24,16337,15922.80339120627
科技大樓,2026-03-25,16168,16210.333379990692
科技大樓,2026-03-26,16514,16175.851527804833
科技大樓,2026-03-27,16939,16467.883583830575
科技大樓,2026-03-28,11456,11259.573329142626
科技大樓,2026-03-29,9232,9251.816030429916
科技大樓,2026-03-30,15556,15182.204944544255
科技大樓,2026-03-31,16398,16038.133001998998
科技大樓,2026-04-01,16554,16220.090282842904
科技大樓,2026-04-02,15529,16371.470782985902
科技大樓,2026-04-03,8379,8737.602545457445
科技大樓,2026-04-04,7515,10623.652659104126
科技大樓,2026-04-05,7729,7461.407438433333
科技大樓,2026-04-06,7264,6682.76348161116
科技大樓,2026-04-07,16280,15343.274637096552
科技大樓,2026-04-08,16238,16007.144058815951
科技大樓,2026-04-09,16453,15997.893719516398
科技大樓,2026-04-10,17016,16355.41433432868
科技大樓,2026-04-11,10931,10713.16950951843
科技大樓,2026-04-12,8967,9081.323572379188
科技大樓,2026-04-13,15092,15133.831206815154
科技大樓,2026-04-14,15705,15925.052604096258
科技大樓,2026-04-15,16110,15922.659480463526
科技大樓,2026-04-16,16433,16060.317697426362
科技大樓,2026-04-17,16603,16452.230072945535
科技大樓,2026-04-18,11199,10843.507478176896
科技大樓,2026-04-19,9863,9094.808136033262
科技大樓,2026-04-20,15234,15454.497691625298
科技大樓,2026-04-21,15929,15978.098142678804
科技大樓,2026-04-22,15931,16072.611543357296
科技大樓,2026-04-23,16783,16055.981499210346
科技大樓,2026-04-24,17585,16553.42598263395
科技大樓,2026-04-25,12089,11349.981348818106
科技大樓,2026-04-26,9813,9719.56117286639
科技大樓,2026-04-27,15455,15549.803850775335
科技大樓,2026-04-28,16248,16111.273451795932
科技大樓,2026-04-29,16611,16201.42859892427
科技大樓,2026-04-30,18237,16461.16218466859
科技大樓,2026-05-01,9558,9980.64176546114
科技大樓,2026-05-02,9160,11392.295442038354
科技大樓,2026-05-03,8352,8457.731270800938
科技大樓,2026-05-04,16304,14589.494154228623
科技大樓,2026-05-05,17281,16190.10766204046
科技大樓,2026-05-06,16987,16713.103562931035
科技大樓,2026-05-07,17029,16954.13495906344
科技大樓,2026-05-08,17048,16822.449045784735
科技大樓,2026-05-09,10691,10887.513246280712
科技大樓,2026-05-10,8366,9023.447893855217
科技大樓,2026-05-11,15445,15053.440279791994
科技大樓,2026-05-12,16401,16053.97375514673
科技大樓,2026-05-13,16751,16271.230035556266
科技大樓,2026-05-14,16743,16566.357094559116
科技大樓,2026-05-15,17415,16697.25339050623
科技大樓,2026-05-16,11556,11141.899749988868
科技大樓,2026-05-17,9658,9310.869635199462
科技大樓,2026-05-18,15452,15605.654425500115
科技大樓,2026-05-19,15989,16208.166521717669
科技大樓,2026-05-20,16361,16209.824837980075
科技大樓,2026-05-21,16584,16377.434577871578
科技大樓,2026-05-22,17163,16667.631309221975
科技大樓,2026-05-23,12648,11103.36001011656
科技大樓,2026-05-24,9332,9827.16684340221
科技大樓,2026-05-25,15184,15520.582651736344
科技大樓,2026-05-26,15881,16020.239480781853
科技大樓,2026-05-27,16155,16108.908984595451
科技大樓,2026-05-28,16016,16283.014782450226
科技大樓,2026-05-29,16905,16413.441030967486
科技大樓,2026-05-30,12201,11123.284767328989
科技大樓,2026-05-31,8886,9486.510757861732
竹圍,2026-01-01,6273,6905.311099511517
竹圍,2026-01-02,9223,9678.481745624244
竹圍,2026-01-03,7965,7923.604852430732
竹圍,2026-01-04,7117,6668.368800119424
竹圍,2026-01-05,9453,9420.720615337128
竹圍,2026-01-06,9613,9664.94203007037
竹圍,2026-01-07,9836,9667.015693721863
竹圍,2026-01-08,9673,9497.704958349022
竹圍,2026-01-09,10438,10071.105281289969
竹圍,2026-01-10,8633,8507.374072193019
竹圍,2026-01-11,6828,7010.007723952307
竹圍,2026-01-12,9313,9238.609618916546
竹圍,2026-01-13,9711,9584.096006171843
竹圍,2026-01-14,9900,9767.535502249342
竹圍,2026-01-15,9832,9598.624244974984
竹圍,2026-01-16,10114,10217.724173680046
竹圍,2026-01-17,8542,8368.544216865523
竹圍,2026-01-18,7083,6919.839552687727
竹圍,2026-01-19,9364,9362.331596668022
竹圍,2026-01-20,9776,9621.497152774604
竹圍,2026-01-21,9281,9804.168377489914
竹圍,2026-01-22,9084,9329.514296434483
竹圍,2026-01-23,10363,9843.896849127244
竹圍,2026-01-24,8248,8508.78445357854
竹圍,2026-01-25,7236,6808.214658593515
竹圍,2026-01-26,9443,9433.25209100589
竹圍,2026-01-27,9291,9665.906535184466
竹圍,2026-01-28,9592,9503.768113178983
竹圍,2026-01-29,9734,9435.988802558564
竹圍,2026-01-30,10087,10209.716646737706
竹圍,2026-01-31,8100,8325.638769588686
竹圍,2026-02-01,6298,6785.632585580024
竹圍,2026-02-02,8825,8999.080172379321
竹圍,2026-02-03,9792,9336.423442276577
竹圍,2026-02-04,9977,9792.42457746669
竹圍,2026-02-05,9975,9658.545186061292
竹圍,2026-02-06,10023,10266.088373325369
竹圍,2026-02-07,8320,8281.584344606543
竹圍,2026-02-08,6529,6800.101723805317
竹圍,2026-02-09,9230,9081.266096685771
竹圍,2026-02-10,9930,9601.522722806034
竹圍,2026-02-11,9554,9869.351415618805
竹圍,2026-02-12,9766,9478.66432438422
竹圍,2026-02-13,9591,10151.822538452345
竹圍,2026-02-14,7665,8104.848814199719
竹圍,2026-02-15,5851,6499.927992957115
竹圍,2026-02-16,4534,5235.029366816641
竹圍,2026-02-17,5885,5527.839848173317
竹圍,2026-02-18,6313,6044.487547237268
竹圍,2026-02-19,6775,6080.449002197494
竹圍,2026-02-20,7475,8000.045024455931
竹圍,2026-02-21,8000,8157.071919888338
竹圍,2026-02-22,6739,6594.498404415508
竹圍,2026-02-23,9477,9119.79706845756
竹圍,2026-02-24,9841,9742.262771119167
竹圍,2026-02-25,10030,9825.990189521186
竹圍,2026-02-26,10482,9776.59865421267
竹圍,2026-02-27,7505,8037.358848475167
竹圍,2026-02-28,7790,8179.814109328552
竹圍,2026-03-01,6582,6559.753550527643
竹圍,2026-03-02,9671,9140.606705799317
竹圍,2026-03-03,9473,9820.73085150849
竹圍,2026-03-04,9652,9659.28320094804
竹圍,2026-03-05,9826,9643.009873549028
竹圍,2026-03-06,10497,10077.278482978336
竹圍,2026-03-07,8757,8448.068332469118
竹圍,2026-03-08,7059,6996.160203763049
竹圍,2026-03-09,9700,9391.111164764729
竹圍,2026-03-10,9663,9776.03934962909
竹圍,2026-03-11,10429,9731.46054634998
竹圍,2026-03-12,10203,9972.125288187062
竹圍,2026-03-13,10674,10330.752928484651
竹圍,2026-03-14,9364,8589.988113446585
竹圍,2026-03-15,7446,7281.918439247815
竹圍,2026-03-16,9852,9561.26293774386
竹圍,2026-03-17,10295,9850.28062296472
竹圍,2026-03-18,10347,10107.608054909146
竹圍,2026-03-19,9939,9935.177793356952
竹圍,2026-03-20,10716,10225.455724279587
竹圍,2026-03-21,9238,8688.730995642332
竹圍,2026-03-22,7563,7237.835023207592
竹圍,2026-03-23,9703,9629.069362932054
竹圍,2026-03-24,10125,9842.357649743191
竹圍,2026-03-25,10254,10012.202458349428
竹圍,2026-03-26,10122,9877.917804355382
竹圍,2026-03-27,10084,10346.200230973276
竹圍,2026-03-28,8766,8403.493040638745
竹圍,2026-03-29,7123,7056.180845868501
竹圍,2026-03-30,9799,9418.593923609818
竹圍,2026-03-31,9973,9898.620061118409
竹圍,2026-04-01,9662,9948.838474623692
竹圍,2026-04-02,10454,9632.64046496153
竹圍,2026-04-03,7002,8077.8506917928225
竹圍,2026-04-04,6407,8066.012567528078
竹圍,2026-04-05,6695,5953.868945589902
竹圍,2026-04-06,6067,6931.259831349733
竹圍,2026-04-07,9245,9254.835932717906
竹圍,2026-04-08,9948,9578.770111275106
竹圍,2026-04-09,10084,9859.80732908593
竹圍,2026-04-10,10645,10150.309898646632
竹圍,2026-04-11,8975,8438.249654130597
竹圍,2026-04-12,7068,7212.957041110691
竹圍,2026-04-13,9580,9297.915979867132
竹圍,2026-04-14,10028,9777.020057807
竹圍,2026-04-15,9870,9988.09608622372
竹圍,2026-04-16,9974,9781.131935201334
竹圍,2026-04-17,10590,10235.477811186953
竹圍,2026-04-18,9090,8590.68681270899
竹圍,2026-04-19,7321,7198.634985321214
竹圍,2026-04-20,9614,9505.131971046769
竹圍,2026-04-21,9870,9819.410524810315
竹圍,2026-04-22,9967,9875.917265988955
竹圍,2026-04-23,9462,9832.517392718171
竹圍,2026-04-24,9879,10010.261690023975
竹圍,2026-04-25,8445,8300.32871115228
竹圍,2026-04-26,8370,6930.146189468323
竹圍,2026-04-27,9766,10002.354795769908
竹圍,2026-04-28,10048,9861.821603213588
竹圍,2026-04-29,10008,9974.2596052374
竹圍,2026-04-30,10151,9789.117870142152
竹圍,2026-05-01,8147,7923.133093568404
竹圍,2026-05-02,8178,8565.447723051482
竹圍,2026-05-03,7201,6962.619683170069
竹圍,2026-05-04,9693,9425.08927998005
竹圍,2026-05-05,9565,9864.445176769374
竹圍,2026-05-06,10528,9748.092950149206
竹圍,2026-05-07,10227,10107.32306408944
竹圍,2026-05-08,10527,10349.151383849072
竹圍,2026-05-09,8752,8511.66742330987
竹圍,2026-05-10,7243,7159.751236284979
竹圍,2026-05-11,9650,9483.324246812446
竹圍,2026-05-12,9929,9794.62495800713
竹圍,2026-05-13,9550,10010.272668803496
竹圍,2026-05-14,9403,9637.35954496816
竹圍,2026-05-15,10518,9988.139286364983
竹圍,2026-05-16,9269,8574.95882716591
竹圍,2026-05-17,7729,7386.4423342405935
竹圍,2026-05-18,9480,9704.489582396553
竹圍,2026-05-19,9952,9743.558756732977
竹圍,2026-05-20,9990,9914.655685595251
竹圍,2026-05-21,9604,9803.5015456584
竹圍,2026-05-22,10160,10125.63558997473
竹圍,2026-05-23,9013,8474.893282489089
竹圍,2026-05-24,7048,7307.090694718789
竹圍,2026-05-25,9394,9351.182678745268
竹圍,2026-05-26,9695,9732.037848528806
竹圍,2026-05-27,9659,9832.364075930378
竹圍,2026-05-28,9457,9644.459040267391
竹圍,2026-05-29,9901,10029.297109825608
竹圍,2026-05-30,8502,8373.144918441245
竹圍,2026-05-31,7008,7017.694975937189
紅樹林,2026-01-01,9380,11536.65419011784
紅樹林,2026-01-02,14285,14798.68770557825
紅樹林,2026-01-03,11060,11031.110536319546
紅樹林,2026-01-04,10034,9766.067076638035
紅樹林,2026-01-05,14132,13947.847684754584
紅樹林,2026-01-06,14218,14527.344394595508
紅樹林,2026-01-07,14425,14431.203057317933
紅樹林,2026-01-08,14560,13936.63186744523
紅樹林,2026-01-09,15568,15772.648831351917
紅樹林,2026-01-10,11818,11738.874585201713
紅樹林,2026-01-11,9577,10227.116043729107
紅樹林,2026-01-12,13931,13728.333237503655
紅樹林,2026-01-13,14496,14337.68614299974
紅樹林,2026-01-14,14682,14592.800622317807
紅樹林,2026-01-15,14732,14342.027330327564
紅樹林,2026-01-16,15438,15850.883826774474
紅樹林,2026-01-17,11951,11711.43106062169
紅樹林,2026-01-18,10509,10147.94477672243
紅樹林,2026-01-19,13763,14126.013933092268
紅樹林,2026-01-20,14327,14357.825541434311
紅樹林,2026-01-21,13816,14542.15254850648
紅樹林,2026-01-22,13690,14019.762163311496
紅樹林,2026-01-23,14929,15332.66672537154
紅樹林,2026-01-24,10986,11488.93345570764
紅樹林,2026-01-25,10362,9833.940758234006
紅樹林,2026-01-26,14166,13940.529873710007
紅樹林,2026-01-27,13771,14495.27147963586
紅樹林,2026-01-28,13975,14201.043367676428
紅樹林,2026-01-29,15091,13974.01629674292
紅樹林,2026-01-30,15179,15869.38370826102
紅樹林,2026-01-31,10877,11549.559116284898
紅樹林,2026-02-01,9188,9876.985926451194
紅樹林,2026-02-02,13396,13522.902076039336
紅樹林,2026-02-03,14341,14004.838988234582
紅樹林,2026-02-04,14956,14405.40078603834
紅樹林,2026-02-05,14859,14608.795212187037
紅樹林,2026-02-06,15087,15733.516521630956
紅樹林,2026-02-07,11025,11425.08788047402
紅樹林,2026-02-08,9638,9773.768136375817
紅樹林,2026-02-09,13678,13676.39354731718
紅樹林,2026-02-10,14749,14250.699202154145
紅樹林,2026-02-11,14220,14702.366997027466
紅樹林,2026-02-12,14856,14293.860128912336
紅樹林,2026-02-13,14539,15642.013345384368
紅樹林,2026-02-14,10662,11180.380644276156
紅樹林,2026-02-15,9246,9623.409020399497
紅樹林,2026-02-16,7116,10102.595849953725
紅樹林,2026-02-17,8565,9607.40877590358
紅樹林,2026-02-18,9803,9901.420729475398
紅樹林,2026-02-19,11990,10409.52579847508
紅樹林,2026-02-20,11792,13247.785323296088
紅樹林,2026-02-21,12570,11005.025074692854
紅樹林,2026-02-22,10167,10336.15748919321
紅樹林,2026-02-23,14073,13449.680077279343
紅樹林,2026-02-24,14416,14291.48315960726
紅樹林,2026-02-25,14778,14481.091913129269
紅樹林,2026-02-26,15836,14811.64121635757
紅樹林,2026-02-27,11644,13344.65728914694
紅樹林,2026-02-28,11706,11284.320889995324
紅樹林,2026-03-01,9414,9979.747354911124
紅樹林,2026-03-02,14285,13425.63718311504
紅樹林,2026-03-03,14145,14432.786467258353
紅樹林,2026-03-04,14217,14437.07141806134
紅樹林,2026-03-05,14871,14631.539475049742
紅樹林,2026-03-06,16451,15155.30348642807
紅樹林,2026-03-07,11864,12177.833282247671
紅樹林,2026-03-08,10460,10063.215442419129
紅樹林,2026-03-09,14273,13992.48340230846
紅樹林,2026-03-10,14328,14424.35647598714
紅樹林,2026-03-11,15336,14458.00895662037
紅樹林,2026-03-12,15545,15053.970300028534
紅樹林,2026-03-13,17045,15836.489708679632
紅樹林,2026-03-14,14332,12361.802132538556
紅樹林,2026-03-15,11633,11209.648148859564
紅樹林,2026-03-16,14719,14568.988857519957
紅樹林,2026-03-17,15109,14674.943241693829
紅樹林,2026-03-18,15602,14969.067267027754
紅樹林,2026-03-19,15534,15260.7806060967
紅樹林,2026-03-20,16752,15975.44952744705
紅樹林,2026-03-21,14318,12603.195364497966
紅樹林,2026-03-22,12605,11239.277805132198
紅樹林,2026-03-23,15127,14963.205231139127
紅樹林,2026-03-24,15196,14968.191577586162
紅樹林,2026-03-25,15832,15075.210667356503
紅樹林,2026-03-26,16140,15370.815811505245
紅樹林,2026-03-27,16605,16273.840123117456
紅樹林,2026-03-28,15219,12728.398772951332
紅樹林,2026-03-29,12245,11806.361175495507
紅樹林,2026-03-30,15512,14871.879177017086
紅樹林,2026-03-31,15433,15122.303716567483
紅樹林,2026-04-01,14805,15267.77621395694
紅樹林,2026-04-02,16288,15074.877494283228
紅樹林,2026-04-03,12029,13870.412397275
紅樹林,2026-04-04,10695,12143.999138518231
紅樹林,2026-04-05,11892,9841.514604739728
紅樹林,2026-04-06,9267,12199.84153794838
紅樹林,2026-04-07,14164,13556.310259445218
紅樹林,2026-04-08,14957,14436.011342015085
紅樹林,2026-04-09,15350,15213.014021929395
紅樹林,2026-04-10,16831,15551.721489850645
紅樹林,2026-04-11,13190,12634.667599142318
紅樹林,2026-04-12,10953,11274.60126599055
紅樹林,2026-04-13,14600,13799.146241505576
紅樹林,2026-04-14,14793,14798.686106115249
紅樹林,2026-04-15,14763,14938.181527198809
紅樹林,2026-04-16,15180,15107.997876329146
紅樹林,2026-04-17,16442,15828.924826443405
紅樹林,2026-04-18,16067,12651.459973588317
紅樹林,2026-04-19,11713,12222.338061081922
紅樹林,2026-04-20,14613,14580.295633192343
紅樹林,2026-04-21,14970,14805.412227595509
紅樹林,2026-04-22,15079,14950.980717983251
紅樹林,2026-04-23,14686,15239.97561087821
紅樹林,2026-04-24,15893,15668.22205064438
紅樹林,2026-04-25,12502,12965.228552327844
紅樹林,2026-04-26,15775,10665.075198627072
紅樹林,2026-04-27,15098,16038.492209734151
紅樹林,2026-04-28,15333,15192.09962813224
紅樹林,2026-04-29,15174,15170.337151714986
紅樹林,2026-04-30,16405,15196.914040544125
紅樹林,2026-05-01,13288,13950.526622735691
紅樹林,2026-05-02,16121,12636.901456738498
紅樹林,2026-05-03,13277,13059.708718098922
紅樹林,2026-05-04,14614,15014.767251905136
紅樹林,2026-05-05,14578,14913.012441075089
紅樹林,2026-05-06,15823,14822.966946790471
紅樹林,2026-05-07,15852,15671.813502659565
紅樹林,2026-05-08,16534,16027.686819480909
紅樹林,2026-05-09,13519,13568.190191366615
紅樹林,2026-05-10,11083,11709.05579498078
紅樹林,2026-05-11,15120,14005.77725147983
紅樹林,2026-05-12,15585,14939.34148245669
紅樹林,2026-05-13,14701,15415.524694899012
紅樹林,2026-05-14,14556,15208.929308238856
紅樹林,2026-05-15,17070,15587.678638862564
紅樹林,2026-05-16,15848,13466.23445478766
紅樹林,2026-05-17,14193,12519.779390259617
紅樹林,2026-05-18,15463,15606.161723595107
紅樹林,2026-05-19,15525,15364.82715427637
紅樹林,2026-05-20,15918,15227.85722964687
紅樹林,2026-05-21,15217,15572.630031904631
紅樹林,2026-05-22,16783,16135.419681807132
紅樹林,2026-05-23,14721,13778.464939527688
紅樹林,2026-05-24,12503,12381.600453477586
紅樹林,2026-05-25,14786,14764.513719361292
紅樹林,2026-05-26,15216,14990.9613101491
紅樹林,2026-05-27,15173,15226.901617279782
紅樹林,2026-05-28,15147,15234.545970536556
紅樹林,2026-05-29,15923,16074.32670251356
紅樹林,2026-05-30,14422,13411.615252087024
紅樹林,2026-05-31,12001,12125.01878690975
芝山,2026-01-01,16224,17369.028211077562
芝山,2026-01-02,23647,26013.82717709467
芝山,2026-01-03,19241,20036.176802558904
芝山,2026-01-04,16436,16527.988885283845
芝山,2026-01-05,23441,22594.63290847748
芝山,2026-01-06,24097,24433.19499302032
芝山,2026-01-07,24138,24972.087018808925
芝山,2026-01-08,24293,24299.5469473784
芝山,2026-01-09,26798,25601.70713783675
芝山,2026-01-10,20599,21171.457125933364
芝山,2026-01-11,17152,17375.792573542098
芝山,2026-01-12,23232,23249.972644388847
芝山,2026-01-13,24476,24382.490409984628
芝山,2026-01-14,24865,24984.12450036044
芝山,2026-01-15,24679,24667.074339413302
芝山,2026-01-16,26549,26165.151153526676
芝山,2026-01-17,20486,21042.867774745715
芝山,2026-01-18,17195,17277.52435246592
芝山,2026-01-19,22930,23222.286822473437
芝山,2026-01-20,24429,24291.02336320735
芝山,2026-01-21,23786,24934.82353383691
芝山,2026-01-22,23701,24227.728507052158
芝山,2026-01-23,26352,25704.712573747845
芝山,2026-01-24,20870,20733.06128570197
芝山,2026-01-25,17955,17364.120315583023
芝山,2026-01-26,23253,23489.73859458712
芝山,2026-01-27,24422,24532.70164255432
芝山,2026-01-28,24459,24755.37287512939
芝山,2026-01-29,25204,24400.78312747868
芝山,2026-01-30,26360,26499.855374633866
芝山,2026-01-31,20015,20960.026787850493
芝山,2026-02-01,16138,17196.45159257282
芝山,2026-02-02,22875,22647.8116598475
芝山,2026-02-03,24289,24143.05475218805
芝山,2026-02-04,25076,24579.733754718854
芝山,2026-02-05,25251,24789.66318549154
芝山,2026-02-06,26295,26524.312863734816
芝山,2026-02-07,20501,20754.13935174485
芝山,2026-02-08,16731,17151.406085842667
芝山,2026-02-09,23699,22989.41004229833
芝山,2026-02-10,24866,24580.743212930967
芝山,2026-02-11,24983,25029.59836931589
芝山,2026-02-12,25161,24913.762732424264
芝山,2026-02-13,24871,26458.06474457599
芝山,2026-02-14,17657,20156.43345110872
芝山,2026-02-15,14986,15810.258041813886
芝山,2026-02-16,9946,10845.884726597182
芝山,2026-02-17,12445,12115.084922396129
芝山,2026-02-18,14377,12953.327879859124
芝山,2026-02-19,15151,13745.352226992203
芝山,2026-02-20,15486,18959.27122192867
芝山,2026-02-21,17186,19101.8578275414
芝山,2026-02-22,15939,15321.396389081678
芝山,2026-02-23,22716,22179.040458468357
芝山,2026-02-24,24119,24107.219737550426
芝山,2026-02-25,24647,24848.312854595108
芝山,2026-02-26,25954,24980.09146147582
芝山,2026-02-27,19659,18030.60012037304
芝山,2026-02-28,19377,20375.34828364604
芝山,2026-03-01,16231,16769.486343338707
芝山,2026-03-02,23284,22775.03473880764
芝山,2026-03-03,23625,24446.99731899285
芝山,2026-03-04,24203,24658.90411043015
芝山,2026-03-05,24544,24934.852030886246
芝山,2026-03-06,26199,25540.24284383469
芝山,2026-03-07,21411,19610.560496103717
芝山,2026-03-08,17731,17287.67003324159
芝山,2026-03-09,23231,23634.35730895896
芝山,2026-03-10,24139,24457.906982214958
芝山,2026-03-11,25382,24821.781874249376
芝山,2026-03-12,25229,25359.799539327323
芝山,2026-03-13,26726,26046.87272659445
芝山,2026-03-14,21806,20335.65426104568
芝山,2026-03-15,17753,17636.946771853476
芝山,2026-03-16,23830,23607.608903648103
芝山,2026-03-17,24793,24674.342817710687
芝山,2026-03-18,25115,25280.56709326405
芝山,2026-03-19,24677,25323.70178041496
芝山,2026-03-20,27075,25941.06257671526
芝山,2026-03-21,22187,20667.34289526655
芝山,2026-03-22,18294,17821.19552073792
芝山,2026-03-23,23187,23926.50669649738
芝山,2026-03-24,24441,24522.195565436203
芝山,2026-03-25,25198,25040.213678504268
芝山,2026-03-26,25586,25176.89001002637
芝山,2026-03-27,25989,26512.76618107872
芝山,2026-03-28,21146,20598.03311248975
芝山,2026-03-29,18094,17410.95373011903
芝山,2026-03-30,23528,23554.0037039637
芝山,2026-03-31,24344,24581.84010732846
芝山,2026-04-01,24035,25059.651543813725
芝山,2026-04-02,25374,24813.05125907484
芝山,2026-04-03,18283,18478.92836351273
芝山,2026-04-04,16774,20599.888154439646
芝山,2026-04-05,17483,15778.671306015738
芝山,2026-04-06,14910,15179.782980401344
芝山,2026-04-07,23038,23974.691479617515
芝山,2026-04-08,24212,24174.128395467847
芝山,2026-04-09,24669,24811.710467819303
芝山,2026-04-10,26664,25825.936509648167
芝山,2026-04-11,21354,19985.3848351568
芝山,2026-04-12,17601,17988.427687666728
芝山,2026-04-13,23397,23350.867190054352
芝山,2026-04-14,24423,24251.97547305997
芝山,2026-04-15,24482,24887.193772568447
芝山,2026-04-16,24164,25050.778114563243
芝山,2026-04-17,27078,25880.354447517533
芝山,2026-04-18,21730,20514.82373543117
芝山,2026-04-19,18509,18040.940292815256
芝山,2026-04-20,23136,23779.2730952856
芝山,2026-04-21,24001,24320.26314106016
芝山,2026-04-22,24689,24636.207335687606
芝山,2026-04-23,23827,24908.94071938309
芝山,2026-04-24,26173,25979.59114828502
芝山,2026-04-25,22175,20336.525276665336
芝山,2026-04-26,19129,18220.99826128633
芝山,2026-04-27,23508,23911.345060105446
芝山,2026-04-28,25217,24468.712137378327
芝山,2026-04-29,25621,25201.7342126848
芝山,2026-04-30,25954,25226.151451538663
芝山,2026-05-01,21055,19284.37106827243
芝山,2026-05-02,21006,21961.84827364284
芝山,2026-05-03,17822,18268.40492472962
芝山,2026-05-04,23677,23292.4313707338
芝山,2026-05-05,24044,24554.07672156516
芝山,2026-05-06,25606,24799.089256934865
芝山,2026-05-07,25116,25275.418459530625
芝山,2026-05-08,26588,26956.84022865441
芝山,2026-05-09,20808,20752.873204751304
芝山,2026-05-10,17497,17817.05786274321
芝山,2026-05-11,23189,23167.945313336942
芝山,2026-05-12,24271,24174.426132733344
芝山,2026-05-13,23823,24977.689782045345
芝山,2026-05-14,23795,24517.506297612046
芝山,2026-05-15,27111,26114.44223120616
芝山,2026-05-16,22445,20810.94974938608
芝山,2026-05-17,18777,18420.81081287635
芝山,2026-05-18,23217,23845.249072071936
芝山,2026-05-19,23950,24400.78885397546
芝山,2026-05-20,24729,24636.43132689502
芝山,2026-05-21,24529,24712.41869791569
芝山,2026-05-22,26258,26712.64242093877
芝山,2026-05-23,21184,20910.162932525847
芝山,2026-05-24,17809,17938.990399618273
芝山,2026-05-25,23081,23178.663984531653
芝山,2026-05-26,24000,24109.337712284258
芝山,2026-05-27,24320,24657.512415106397
芝山,2026-05-28,24067,24524.783156940463
芝山,2026-05-29,26088,26359.446599468876
芝山,2026-05-30,21868,20789.56987553739
芝山,2026-05-31,17734,18140.44694565087
菜寮,2026-01-01,6151,6915.326082776313
菜寮,2026-01-02,11453,11496.535036930416
菜寮,2026-01-03,7474,8285.930641571382
菜寮,2026-01-04,6103,6204.002398026665
菜寮,2026-01-05,10952,10678.935694770063
菜寮,2026-01-06,11203,11387.157285784544
菜寮,2026-01-07,11141,11430.288285203962
菜寮,2026-01-08,11376,11205.801867179034
菜寮,2026-01-09,11615,11664.321950694006
菜寮,2026-01-10,8174,8304.416734657003
菜寮,2026-01-11,6795,6455.953900811503
菜寮,2026-01-12,10745,11006.491346671895
菜寮,2026-01-13,11281,11323.07605113133
菜寮,2026-01-14,11144,11404.36315194047
菜寮,2026-01-15,11384,11290.996774489957
菜寮,2026-01-16,11452,11664.368387676195
菜寮,2026-01-17,8443,8284.45073839076
菜寮,2026-01-18,6625,6599.210634124251
菜寮,2026-01-19,10616,10903.1911380537
菜寮,2026-01-20,11342,11271.85339074738
菜寮,2026-01-21,11103,11394.071640887509
菜寮,2026-01-22,11173,11285.490653279889
菜寮,2026-01-23,11932,11557.128200470088
菜寮,2026-01-24,8128,8478.573018407811
菜寮,2026-01-25,6798,6499.501372724928
菜寮,2026-01-26,10413,10920.952226870522
菜寮,2026-01-27,10549,11222.3729731728
菜寮,2026-01-28,10621,11070.428093657714
菜寮,2026-01-29,10648,11028.361897670602
菜寮,2026-01-30,10978,11392.927022235071
菜寮,2026-01-31,8150,8025.207565435123
菜寮,2026-02-01,6452,6470.931442961895
菜寮,2026-02-02,10124,10725.12253312041
菜寮,2026-02-03,10582,10983.523342287994
菜寮,2026-02-04,10815,11007.967070577388
菜寮,2026-02-05,10836,11044.08486024204
菜寮,2026-02-06,11356,11386.991730074118
菜寮,2026-02-07,8575,8218.923783309252
菜寮,2026-02-08,7159,6631.450914209174
菜寮,2026-02-09,10195,10959.78403504758
菜寮,2026-02-10,10593,11050.653535384106
菜寮,2026-02-11,10509,11030.801735272891
菜寮,2026-02-12,10445,10932.263115179232
菜寮,2026-02-13,10426,11246.011546978862
菜寮,2026-02-14,6812,7899.7647605895745
菜寮,2026-02-15,5181,6003.867352213927
菜寮,2026-02-16,3951,4408.063954235113
菜寮,2026-02-17,5375,4992.172548273835
菜寮,2026-02-18,5502,5408.969580102023
菜寮,2026-02-19,5971,5484.945824407214
菜寮,2026-02-20,6178,6963.819005411175
菜寮,2026-02-21,7002,7937.033219298923
菜寮,2026-02-22,6124,5957.477063542496
菜寮,2026-02-23,11011,10378.37934544682
菜寮,2026-02-24,11248,11296.383707825742
菜寮,2026-02-25,11824,11291.017509998564
菜寮,2026-02-26,11913,11509.426422155866
菜寮,2026-02-27,7994,7071.844809938701
菜寮,2026-02-28,9264,8552.381722394237
菜寮,2026-03-01,6790,6986.319222970247
菜寮,2026-03-02,11219,10940.308427524573
菜寮,2026-03-03,11505,11427.72873307263
菜寮,2026-03-04,11791,11493.831298739044
菜寮,2026-03-05,11933,11554.674158017391
菜寮,2026-03-06,12193,11900.659771876752
菜寮,2026-03-07,9440,8578.170760044022
菜寮,2026-03-08,7094,6982.468588569469
菜寮,2026-03-09,11197,11059.567632333665
菜寮,2026-03-10,11938,11456.360441329229
菜寮,2026-03-11,11705,11662.37863372761
菜寮,2026-03-12,11565,11584.3686971738
菜寮,2026-03-13,11985,11756.476894428377
菜寮,2026-03-14,9387,8566.367349185688
菜寮,2026-03-15,7138,6972.472560506667
菜寮,2026-03-16,11198,11066.88906687521
菜寮,2026-03-17,11512,11526.745040990048
菜寮,2026-03-18,11564,11493.651947566112
菜寮,2026-03-19,11463,11472.656976781838
菜寮,2026-03-20,11938,11714.478239725193
菜寮,2026-03-21,8635,8603.594309210212
菜寮,2026-03-22,6885,6715.378031972388
菜寮,2026-03-23,10970,10929.608166222995
菜寮,2026-03-24,11700,11380.75854036218
菜寮,2026-03-25,11612,11544.965688332544
菜寮,2026-03-26,11364,11496.679577460452
菜寮,2026-03-27,11925,11701.281762695142
菜寮,2026-03-28,8705,8538.56418202194
菜寮,2026-03-29,6319,6752.782931508473
菜寮,2026-03-30,11168,10727.373548290783
菜寮,2026-03-31,11302,11459.059534014325
菜寮,2026-04-01,11354,11413.347676107947
菜寮,2026-04-02,11411,11356.72304898676
菜寮,2026-04-03,6770,7089.919520694795
菜寮,2026-04-04,6108,8364.158778031202
菜寮,2026-04-05,6151,5701.925244831249
菜寮,2026-04-06,5671,5912.971460976149
菜寮,2026-04-07,11049,11047.720527590553
菜寮,2026-04-08,11412,11234.819916624012
菜寮,2026-04-09,11404,11361.54717882548
菜寮,2026-04-10,11880,11642.112451585514
菜寮,2026-04-11,8550,8183.01536565372
菜寮,2026-04-12,6932,6711.279612951257
菜寮,2026-04-13,10962,10933.232967567445
菜寮,2026-04-14,11242,11390.665882042424
菜寮,2026-04-15,11374,11402.001256068044
菜寮,2026-04-16,11118,11378.947406932364
菜寮,2026-04-17,11737,11598.26933159487
菜寮,2026-04-18,8623,8315.909956587782
菜寮,2026-04-19,7044,6729.2201015792
菜寮,2026-04-20,10865,10993.993504477034
菜寮,2026-04-21,11264,11342.302550277613
菜寮,2026-04-22,11431,11388.896230470613
菜寮,2026-04-23,11456,11357.13896906129
菜寮,2026-04-24,12327,11730.98488308275
菜寮,2026-04-25,8267,8587.475793427808
菜寮,2026-04-26,6993,6680.240915754226
菜寮,2026-04-27,10988,10939.01152310506
菜寮,2026-04-28,12041,11377.536837280217
菜寮,2026-04-29,11511,11683.14158315745
菜寮,2026-04-30,12468,11475.74966269317
菜寮,2026-05-01,7614,7570.799009328035
菜寮,2026-05-02,7392,8561.30668115997
菜寮,2026-05-03,6421,6400.043851865132
菜寮,2026-05-04,11182,10687.770990568704
菜寮,2026-05-05,11935,11500.643757012647
菜寮,2026-05-06,11580,11619.283778113657
菜寮,2026-05-07,11603,11639.627479900671
菜寮,2026-05-08,11880,11851.735063645308
菜寮,2026-05-09,8327,8212.675216396698
菜寮,2026-05-10,6383,6678.756890321252
菜寮,2026-05-11,10914,10806.855207475204
菜寮,2026-05-12,11358,11436.376142758012
菜寮,2026-05-13,11090,11399.50833980442
菜寮,2026-05-14,11438,11346.486431831425
菜寮,2026-05-15,12026,11746.147860210283
菜寮,2026-05-16,9293,8340.642251290288
菜寮,2026-05-17,7224,6984.188549819068
菜寮,2026-05-18,10947,11163.817766913073
菜寮,2026-05-19,11128,11479.311632923724
菜寮,2026-05-20,11032,11290.609926300183
菜寮,2026-05-21,11015,11323.731676908628
菜寮,2026-05-22,11581,11627.559586719948
菜寮,2026-05-23,9401,8292.485836061984
菜寮,2026-05-24,6658,7040.288721530753
菜寮,2026-05-25,10718,10917.628749070982
菜寮,2026-05-26,11102,11305.13685038569
菜寮,2026-05-27,11234,11237.780945159448
菜寮,2026-05-28,11139,11336.132988519925
菜寮,2026-05-29,11934,11659.56315652578
菜寮,2026-05-30,8499,8536.907870314832
菜寮,2026-05-31,6620,6671.205612175025
萬芳社區,2026-01-01,1498,1735.4587458027995
萬芳社區,2026-01-02,2539,2794.036323093532
萬芳社區,2026-01-03,1997,1907.334905068907
萬芳社區,2026-01-04,1723,1713.778156341904
萬芳社區,2026-01-05,2764,2688.896107276597
萬芳社區,2026-01-06,2847,2840.4035317832518
萬芳社區,2026-01-07,2801,2821.666876780528
萬芳社區,2026-01-08,2805,2789.3399028286035
萬芳社區,2026-01-09,2965,2880.19696781824
萬芳社區,2026-01-10,2078,2063.897863382532
萬芳社區,2026-01-11,1672,1717.6755637122333
萬芳社區,2026-01-12,2749,2673.0323883401784
萬芳社區,2026-01-13,2921,2839.02660916007
萬芳社區,2026-01-14,2889,2850.024386257906
萬芳社區,2026-01-15,2898,2818.96825850956
萬芳社區,2026-01-16,2861,2916.0566621580388
萬芳社區,2026-01-17,2065,2017.3014166921853
萬芳社區,2026-01-18,1725,1718.830097666399
萬芳社區,2026-01-19,2620,2698.4773104968226
萬芳社區,2026-01-20,2785,2788.31260131244
萬芳社區,2026-01-21,2761,2808.318743491935
萬芳社區,2026-01-22,2901,2780.817070004944
萬芳社區,2026-01-23,2871,2922.452014266225
萬芳社區,2026-01-24,1884,2022.4750816820488
萬芳社區,2026-01-25,1798,1645.919189184065
萬芳社區,2026-01-26,2638,2737.2551769966044
萬芳社區,2026-01-27,2760,2787.4173685787414
萬芳社區,2026-01-28,2693,2795.7522520665266
萬芳社區,2026-01-29,2830,2762.9939788306865
萬芳社區,2026-01-30,2947,2895.44661528098
萬芳社區,2026-01-31,2026,2049.281513630131
萬芳社區,2026-02-01,1417,1705.5250172669594
萬芳社區,2026-02-02,2626,2568.328600736672
萬芳社區,2026-02-03,2841,2811.907710072357
萬芳社區,2026-02-04,2813,2816.866062882993
萬芳社區,2026-02-05,2736,2810.4704454853263
萬芳社區,2026-02-06,2860,2852.4461796526552
萬芳社區,2026-02-07,1966,2021.1435376175184
萬芳社區,2026-02-08,1616,1669.495023112796
萬芳社區,2026-02-09,2607,2654.9961913987645
萬芳社區,2026-02-10,2830,2790.0132637966576
萬芳社區,2026-02-11,2764,2816.3023418174625
萬芳社區,2026-02-12,2797,2786.517884153792
萬芳社區,2026-02-13,2733,2881.355438280963
萬芳社區,2026-02-14,1792,1961.3237486339765
萬芳社區,2026-02-15,1521,1605.98999151815
萬芳社區,2026-02-16,1131,1333.1928816944724
萬芳社區,2026-02-17,1347,1431.6495614724067
萬芳社區,2026-02-18,1518,1457.3606534261617
萬芳社區,2026-02-19,1829,1525.2984066690092
萬芳社區,2026-02-20,1598,1960.5924083561608
萬芳社區,2026-02-21,1936,1887.426246570602
萬芳社區,2026-02-22,1640,1670.533243072236
萬芳社區,2026-02-23,2769,2647.424510875519
萬芳社區,2026-02-24,2842,2851.179354448116
萬芳社區,2026-02-25,2870,2809.2864253444923
萬芳社區,2026-02-26,2987,2849.304525872918
萬芳社區,2026-02-27,1948,1881.557513604244
萬芳社區,2026-02-28,1904,2041.0185013159423
萬芳社區,2026-03-01,1643,1626.6606972156292
萬芳社區,2026-03-02,2777,2663.167364442168
萬芳社區,2026-03-03,2771,2851.759027786783
萬芳社區,2026-03-04,2804,2784.420188206057
萬芳社區,2026-03-05,2869,2837.837139728668
萬芳社區,2026-03-06,2873,2876.936659846482
萬芳社區,2026-03-07,2126,1996.5291001317487
萬芳社區,2026-03-08,1837,1723.612293702667
萬芳社區,2026-03-09,2799,2730.1503824162974
萬芳社區,2026-03-10,2772,2844.297208332072
萬芳社區,2026-03-11,2854,2786.72798568817
萬芳社區,2026-03-12,2958,2860.1728401009423
萬芳社區,2026-03-13,3000,2908.907774927973
萬芳社區,2026-03-14,2225,2048.765073568114
萬芳社區,2026-03-15,1986,1761.7574715155306
萬芳社區,2026-03-16,2799,2788.661762624586
萬芳社區,2026-03-17,2984,2829.320993449048
萬芳社區,2026-03-18,2953,2877.97763132185
萬芳社區,2026-03-19,2872,2889.389499471758
萬芳社區,2026-03-20,2928,2875.4749227384746
萬芳社區,2026-03-21,2110,2038.4857314014816
萬芳社區,2026-03-22,1947,1733.733357362405
萬芳社區,2026-03-23,2764,2781.9166821928293
萬芳社區,2026-03-24,2895,2825.8339312884414
萬芳社區,2026-03-25,2987,2849.4579813418363
萬芳社區,2026-03-26,2908,2908.722526500639
萬芳社區,2026-03-27,2851,2889.663810160772
萬芳社區,2026-03-28,2207,2010.5663236569055
萬芳社區,2026-03-29,1775,1792.7901244727225
萬芳社區,2026-03-30,2781,2703.1783196079964
萬芳社區,2026-03-31,2821,2852.273335485863
萬芳社區,2026-04-01,2828,2824.263503921183
萬芳社區,2026-04-02,2991,2851.20976089892
萬芳社區,2026-04-03,1794,1895.650786714417
萬芳社區,2026-04-04,1629,2005.9568746101
萬芳社區,2026-04-05,1600,1563.6405653281045
萬芳社區,2026-04-06,1425,1645.0474964237342
萬芳社區,2026-04-07,2748,2727.276093176499
萬芳社區,2026-04-08,2884,2819.225039069876
萬芳社區,2026-04-09,2896,2883.2893084737448
萬芳社區,2026-04-10,2960,2882.819412317257
萬芳社區,2026-04-11,2229,2044.1084347166625
萬芳社區,2026-04-12,1919,1795.2259831902738
萬芳社區,2026-04-13,2756,2752.496163921985
萬芳社區,2026-04-14,2856,2830.7372206438577
萬芳社區,2026-04-15,2792,2847.037433092957
萬芳社區,2026-04-16,2746,2843.115011461716
萬芳社區,2026-04-17,2904,2834.7829331279004
萬芳社區,2026-04-18,2078,2041.344489990984
萬芳社區,2026-04-19,1774,1744.6335759494143
萬芳社區,2026-04-20,2716,2704.7227510341195
萬芳社區,2026-04-21,2843,2825.2717698981405
萬芳社區,2026-04-22,2884,2840.077709315461
萬芳社區,2026-04-23,2763,2874.9467557403827
萬芳社區,2026-04-24,2886,2838.9343278236083
萬芳社區,2026-04-25,1932,2037.1388405870637
萬芳社區,2026-04-26,1859,1689.636472916738
萬芳社區,2026-04-27,2819,2750.4716667907865
萬芳社區,2026-04-28,2905,2859.2223403332328
萬芳社區,2026-04-29,2879,2861.178935622577
萬芳社區,2026-04-30,2913,2862.2066050561484
萬芳社區,2026-05-01,1947,1867.217854276516
萬芳社區,2026-05-02,1989,2058.219751740361
萬芳社區,2026-05-03,1682,1717.715056032113
萬芳社區,2026-05-04,2754,2680.2303467737293
萬芳社區,2026-05-05,2714,2850.158218237978
萬芳社區,2026-05-06,2952,2788.0054614986634
萬芳社區,2026-05-07,2896,2908.354450090744
萬芳社區,2026-05-08,2984,2893.266891857825
萬芳社區,2026-05-09,1950,2056.831908781216
萬芳社區,2026-05-10,1654,1699.9318178178703
萬芳社區,2026-05-11,2713,2676.835958542312
萬芳社區,2026-05-12,2882,2827.1563195637013
萬芳社區,2026-05-13,2809,2868.337844811952
萬芳社區,2026-05-14,2710,2836.981526664976
萬芳社區,2026-05-15,2989,2837.895033890393
萬芳社區,2026-05-16,2217,2063.74624017307
萬芳社區,2026-05-17,1809,1801.6123673558668
萬芳社區,2026-05-18,2691,2721.6236551086663
萬芳社區,2026-05-19,2823,2813.056474462205
萬芳社區,2026-05-20,2826,2844.9035269854803
萬芳社區,2026-05-21,2922,2839.949793278924
萬芳社區,2026-05-22,2925,2930.511098896981
萬芳社區,2026-05-23,2160,2031.10040003737
萬芳社區,2026-05-24,1733,1786.9091520862048
萬芳社區,2026-05-25,2762,2692.239032721658
萬芳社區,2026-05-26,2847,2847.660659758584
萬芳社區,2026-05-27,2825,2846.7196717106585
萬芳社區,2026-05-28,2790,2843.4248840883884
萬芳社區,2026-05-29,2830,2877.951937231624
萬芳社區,2026-05-30,1997,2011.4458187975808
萬芳社區,2026-05-31,1665,1723.5625292630775
萬芳醫院,2026-01-01,5785,7023.766070404362
萬芳醫院,2026-01-02,13769,14595.167066748032
萬芳醫院,2026-01-03,7692,8372.790009616652
萬芳醫院,2026-01-04,5888,5638.224752248333
萬芳醫院,2026-01-05,12253,11912.507662041338
萬芳醫院,2026-01-06,12391,12379.684131349431
萬芳醫院,2026-01-07,12582,12973.10566868982
萬芳醫院,2026-01-08,12566,12608.632029398212
萬芳醫院,2026-01-09,14179,14296.492263714244
萬芳醫院,2026-01-10,8207,8274.385561921747
萬芳醫院,2026-01-11,5788,5789.424927424726
萬芳醫院,2026-01-12,11422,11993.091806697834
萬芳醫院,2026-01-13,11632,12195.653649184662
萬芳醫院,2026-01-14,11711,12600.735225060136
萬芳醫院,2026-01-15,13161,12213.511711967214
萬芳醫院,2026-01-16,14090,14181.225285902994
萬芳醫院,2026-01-17,8299,8182.383577395257
萬芳醫院,2026-01-18,6101,5746.654942808923
萬芳醫院,2026-01-19,11292,11965.137497693191
萬芳醫院,2026-01-20,11980,12122.852646105996
萬芳醫院,2026-01-21,11767,12578.136895175863
萬芳醫院,2026-01-22,11733,12409.994141105692
萬芳醫院,2026-01-23,12498,13860.125406998872
萬芳醫院,2026-01-24,7562,7602.504748998163
萬芳醫院,2026-01-25,5673,5227.533602876526
萬芳醫院,2026-01-26,11162,11417.62990908619
萬芳醫院,2026-01-27,11390,11781.669731209982
萬芳醫院,2026-01-28,11295,12127.26596762007
萬芳醫院,2026-01-29,11273,11955.634133446096
萬芳醫院,2026-01-30,12035,13344.611839343548
萬芳醫院,2026-01-31,7710,7263.523937513021
萬芳醫院,2026-02-01,5553,5104.718048306932
萬芳醫院,2026-02-02,10903,11254.124798710236
萬芳醫院,2026-02-03,11281,11577.242378535906
萬芳醫院,2026-02-04,11385,11905.645917623751
萬芳醫院,2026-02-05,11682,11818.775964572886
萬芳醫院,2026-02-06,11901,13260.949357167689
萬芳醫院,2026-02-07,7627,7330.955479061352
萬芳醫院,2026-02-08,5785,5140.041009642017
萬芳醫院,2026-02-09,10900,11260.540740472528
萬芳醫院,2026-02-10,11354,11575.13897835808
萬芳醫院,2026-02-11,11267,11889.549643103212
萬芳醫院,2026-02-12,11287,11807.643726737097
萬芳醫院,2026-02-13,10940,13003.416357437976
萬芳醫院,2026-02-14,6312,7056.739744416423
萬芳醫院,2026-02-15,4557,4693.294289626228
萬芳醫院,2026-02-16,3401,3289.61321863385
萬芳醫院,2026-02-17,3668,3800.1111305227487
萬芳醫院,2026-02-18,4305,4133.276121930355
萬芳醫院,2026-02-19,5117,4281.802936933126
萬芳醫院,2026-02-20,5739,6657.78035130178
萬芳醫院,2026-02-21,6117,7327.688728581262
萬芳醫院,2026-02-22,5552,4854.612961732194
萬芳醫院,2026-02-23,11831,10969.69664779459
萬芳醫院,2026-02-24,12729,11597.126789864582
萬芳醫院,2026-02-25,13038,12232.117314404728
萬芳醫院,2026-02-26,15525,12547.106632271614
萬芳醫院,2026-02-27,8490,7901.618197698924
萬芳醫院,2026-02-28,6634,8717.414797872218
萬芳醫院,2026-03-01,5462,6060.688802645066
萬芳醫院,2026-03-02,12672,11770.372730687868
萬芳醫院,2026-03-03,12338,12399.583576948771
萬芳醫院,2026-03-04,12536,12654.301858792447
萬芳醫院,2026-03-05,13028,13003.633969266424
萬芳醫院,2026-03-06,15062,13691.08782024484
萬芳醫院,2026-03-07,8832,8173.974652883647
萬芳醫院,2026-03-08,6505,6332.032065293825
萬芳醫院,2026-03-09,12546,12366.251949195715
萬芳醫院,2026-03-10,12845,12654.87775885101
萬芳醫院,2026-03-11,12970,12932.255420356962
萬芳醫院,2026-03-12,12862,13258.661344998804
萬芳醫院,2026-03-13,15357,14015.65538290214
萬芳醫院,2026-03-14,8860,8470.658402502435
萬芳醫院,2026-03-15,6276,6482.446716135596
萬芳醫院,2026-03-16,12299,12391.276754134611
萬芳醫院,2026-03-17,12727,12630.35068090336
萬芳醫院,2026-03-18,12772,12877.422833207776
萬芳醫院,2026-03-19,12522,13115.957146090892
萬芳醫院,2026-03-20,14951,14026.033322338935
萬芳醫院,2026-03-21,9186,8318.955967803056
萬芳醫院,2026-03-22,6693,6410.857147440881
萬芳醫院,2026-03-23,12171,12453.10685294566
萬芳醫院,2026-03-24,12579,12657.372380456756
萬芳醫院,2026-03-25,12942,12837.24154579121
萬芳醫院,2026-03-26,12848,13070.742310027616
萬芳醫院,2026-03-27,14734,14221.508472710935
萬芳醫院,2026-03-28,8861,8434.638779788322
萬芳醫院,2026-03-29,6465,6376.037338584522
萬芳醫院,2026-03-30,12414,12312.162169834708
萬芳醫院,2026-03-31,12614,12638.510557806105
萬芳醫院,2026-04-01,14996,12857.36169489314
萬芳醫院,2026-04-02,13210,13567.747284263896
萬芳醫院,2026-04-03,7559,8424.573516909615
萬芳醫院,2026-04-04,5378,8517.580102487562
萬芳醫院,2026-04-05,5441,5540.423154040301
萬芳醫院,2026-04-06,5190,5268.373078114665
萬芳醫院,2026-04-07,12650,11889.513720896017
萬芳醫院,2026-04-08,12749,12668.472028496171
萬芳醫院,2026-04-09,12712,12663.7413873657
萬芳醫院,2026-04-10,15030,13893.381238431211
萬芳醫院,2026-04-11,8603,7964.009037036535
萬芳醫院,2026-04-12,6095,6246.476712593155
萬芳醫院,2026-04-13,12184,12148.509835412806
萬芳醫院,2026-04-14,12335,12571.128221051378
萬芳醫院,2026-04-15,12708,12933.782557312332
萬芳醫院,2026-04-16,12535,12853.84199444607
萬芳醫院,2026-04-17,14290,14127.771289117023
萬芳醫院,2026-04-18,8580,7963.864955687383
萬芳醫院,2026-04-19,6181,6132.647276092611
萬芳醫院,2026-04-20,12106,12114.85810195873
萬芳醫院,2026-04-21,12525,12481.51526834659
萬芳醫院,2026-04-22,12635,12920.50077965374
萬芳醫院,2026-04-23,12364,12804.825239474134
萬芳醫院,2026-04-24,15116,14082.44377563197
萬芳醫院,2026-04-25,8335,8211.153826166032
萬芳醫院,2026-04-26,6526,6193.430736046011
萬芳醫院,2026-04-27,12279,12232.261631645142
萬芳醫院,2026-04-28,12598,12610.636843710285
萬芳醫院,2026-04-29,12892,12981.496842336244
萬芳醫院,2026-04-30,15547,12877.10637389746
萬芳醫院,2026-05-01,7156,8822.09938665203
萬芳醫院,2026-05-02,7105,8353.235796866331
萬芳醫院,2026-05-03,5691,6017.06953042576
萬芳醫院,2026-05-04,12321,11889.742315869746
萬芳醫院,2026-05-05,12538,12395.569947865484
萬芳醫院,2026-05-06,12785,12823.81904942545
萬芳醫院,2026-05-07,12700,13113.787208023645
萬芳醫院,2026-05-08,14921,14061.886827552327
萬芳醫院,2026-05-09,8347,8054.74187252604
萬芳醫院,2026-05-10,5900,6194.046716943726
萬芳醫院,2026-05-11,12113,12142.51011575094
萬芳醫院,2026-05-12,12451,12488.514484364086
萬芳醫院,2026-05-13,12538,12846.007839837688
萬芳醫院,2026-05-14,12256,12966.308595492092
萬芳醫院,2026-05-15,14907,14064.799398465411
萬芳醫院,2026-05-16,9507,8022.624854836839
萬芳醫院,2026-05-17,8646,6391.099205423493
萬芳醫院,2026-05-18,11959,12963.61938715652
萬芳醫院,2026-05-19,12242,12975.383491748074
萬芳醫院,2026-05-20,12476,13070.254657436966
萬芳醫院,2026-05-21,12447,13032.594529537666
萬芳醫院,2026-05-22,14104,14306.98026985521
萬芳醫院,2026-05-23,8634,8106.469463058277
萬芳醫院,2026-05-24,6208,6407.33937967872
萬芳醫院,2026-05-25,11992,12039.616443850067
萬芳醫院,2026-05-26,12184,12380.85941743695
萬芳醫院,2026-05-27,12279,12664.0341262797
萬芳醫院,2026-05-28,11946,12705.737842835022
萬芳醫院,2026-05-29,14467,13971.815143511756
萬芳醫院,2026-05-30,8469,8052.492713511786
萬芳醫院,2026-05-31,6073,6237.631258695253
萬隆,2026-01-01,7325,7961.993216447345
萬隆,2026-01-02,10577,11089.368171566926
萬隆,2026-01-03,8515,9085.071304083463
萬隆,2026-01-04,7575,7533.082537567792
萬隆,2026-01-05,9860,9987.406294033924
萬隆,2026-01-06,10419,10439.732684628489
萬隆,2026-01-07,10575,10675.329748451331
萬隆,2026-01-08,10598,10607.05162853742
萬隆,2026-01-09,11268,11229.616695269136
萬隆,2026-01-10,9294,9295.570834496517
萬隆,2026-01-11,7624,7825.417859706682
萬隆,2026-01-12,9966,9947.779614950268
萬隆,2026-01-13,10412,10473.147520228902
萬隆,2026-01-14,10601,10644.685916808165
萬隆,2026-01-15,10631,10645.79753668403
萬隆,2026-01-16,11101,11268.3426486096
萬隆,2026-01-17,9261,9249.053848605625
萬隆,2026-01-18,7696,7796.83843313352
萬隆,2026-01-19,10259,9985.444320971965
萬隆,2026-01-20,10601,10584.74712558352
萬隆,2026-01-21,10442,10706.741214029924
萬隆,2026-01-22,10415,10571.278988725557
萬隆,2026-01-23,11380,11169.078044745913
萬隆,2026-01-24,8992,9378.473124361304
萬隆,2026-01-25,7860,7665.298859397226
萬隆,2026-01-26,10291,10100.65053635877
萬隆,2026-01-27,10520,10591.21527603792
萬隆,2026-01-28,10688,10645.380379345974
萬隆,2026-01-29,10775,10661.62901564314
萬隆,2026-01-30,11189,11335.432796677933
萬隆,2026-01-31,9260,9237.57613767859
萬隆,2026-02-01,7805,7816.181006150551
萬隆,2026-02-02,10153,10070.6934859272
萬隆,2026-02-03,10595,10530.460901738454
萬隆,2026-02-04,10825,10699.668203228872
萬隆,2026-02-05,10947,10732.944344014108
萬隆,2026-02-06,11711,11375.29190821982
萬隆,2026-02-07,9559,9465.434752284624
萬隆,2026-02-08,8015,7903.787836644002
萬隆,2026-02-09,10164,10145.81262439802
萬隆,2026-02-10,10689,10535.34203807477
萬隆,2026-02-11,10677,10752.172693574848
萬隆,2026-02-12,10995,10685.261103297424
萬隆,2026-02-13,11149,11447.246337150978
萬隆,2026-02-14,8061,9237.70391908277
萬隆,2026-02-15,6678,7323.622129573449
萬隆,2026-02-16,5236,4936.258376812912
萬隆,2026-02-17,5509,5801.183552375716
萬隆,2026-02-18,6034,5824.095172556734
萬隆,2026-02-19,6349,6041.61807503719
萬隆,2026-02-20,6653,8549.764958286993
萬隆,2026-02-21,7527,8425.028566594154
萬隆,2026-02-22,7049,7114.438109027569
萬隆,2026-02-23,9988,9869.734670554426
萬隆,2026-02-24,10430,10477.895847109903
萬隆,2026-02-25,10860,10661.103996097354
萬隆,2026-02-26,11141,10820.70007123247
萬隆,2026-02-27,9063,8373.556738469215
萬隆,2026-02-28,9098,9376.422822114337
萬隆,2026-03-01,7618,7656.546935578079
萬隆,2026-03-02,10352,10038.013684376809
萬隆,2026-03-03,10541,10614.146566116062
萬隆,2026-03-04,10588,10703.492181738848
萬隆,2026-03-05,10910,10725.31785290685
萬隆,2026-03-06,11508,11327.805607050212
萬隆,2026-03-07,9716,9216.961620792745
萬隆,2026-03-08,8310,7936.229482716282
萬隆,2026-03-09,10280,10318.47963694026
萬隆,2026-03-10,10521,10545.414181538115
萬隆,2026-03-11,10988,10681.795083884532
萬隆,2026-03-12,10925,10898.133430244328
萬隆,2026-03-13,11620,11306.50927358056
萬隆,2026-03-14,10132,9334.94816370863
萬隆,2026-03-15,8632,8146.426955033812
萬隆,2026-03-16,10137,10412.612348721104
萬隆,2026-03-17,10630,10471.548494310313
萬隆,2026-03-18,10753,10775.543423569045
萬隆,2026-03-19,10741,10787.33534926294
萬隆,2026-03-20,11677,11269.663387239296
萬隆,2026-03-21,9892,9434.854117766252
萬隆,2026-03-22,8473,8080.24930917601
萬隆,2026-03-23,10173,10330.547806169106
萬隆,2026-03-24,10356,10512.274367316964
萬隆,2026-03-25,10741,10643.13840486533
萬隆,2026-03-26,10685,10791.120284828396
萬隆,2026-03-27,11440,11276.364453429043
萬隆,2026-03-28,9584,9355.141515258729
萬隆,2026-03-29,7693,7986.686982840183
萬隆,2026-03-30,10237,10015.212938088003
萬隆,2026-03-31,10673,10555.850874981985
萬隆,2026-04-01,10675,10777.466319088224
萬隆,2026-04-02,11414,10737.45667121814
萬隆,2026-04-03,8385,8709.054506450726
萬隆,2026-04-04,7361,9244.234684043153
萬隆,2026-04-05,7073,7025.400839127757
萬隆,2026-04-06,6617,7032.39914543259
萬隆,2026-04-07,10194,10283.863707999402
萬隆,2026-04-08,10627,10600.918878480974
萬隆,2026-04-09,10704,10818.489153043043
萬隆,2026-04-10,11257,11246.200436166286
萬隆,2026-04-11,9856,9061.477982650607
萬隆,2026-04-12,8060,8076.89637116447
萬隆,2026-04-13,10070,10128.432466929422
萬隆,2026-04-14,10454,10472.894696997377
萬隆,2026-04-15,10641,10689.356160841196
萬隆,2026-04-16,10668,10772.201909547412
萬隆,2026-04-17,11453,11246.503742908117
萬隆,2026-04-18,9597,9313.072806957744
萬隆,2026-04-19,8187,7954.594151399917
萬隆,2026-04-20,10121,10207.878851689497
萬隆,2026-04-21,10561,10486.571248843786
萬隆,2026-04-22,10763,10726.04301413315
萬隆,2026-04-23,10549,10809.28554527694
萬隆,2026-04-24,11494,11214.064693721786
萬隆,2026-04-25,9588,9338.95587912638
萬隆,2026-04-26,8593,7974.064404022893
萬隆,2026-04-27,10258,10371.623820949664
萬隆,2026-04-28,10776,10530.389747252815
萬隆,2026-04-29,10850,10817.162196788931
萬隆,2026-04-30,11719,10810.003614398429
萬隆,2026-05-01,9174,8843.531858594557
萬隆,2026-05-02,8683,9521.023361189986
萬隆,2026-05-03,7641,7633.638054757714
萬隆,2026-05-04,10290,10019.083338841312
萬隆,2026-05-05,10603,10613.342849672665
萬隆,2026-05-06,10997,10739.47334499706
萬隆,2026-05-07,10792,10994.052642217352
萬隆,2026-05-08,11681,11349.091849593671
萬隆,2026-05-09,9872,9314.941153614682
萬隆,2026-05-10,7936,8116.386087264093
萬隆,2026-05-11,10170,10109.77904169249
萬隆,2026-05-12,10496,10544.217981929409
萬隆,2026-05-13,10622,10729.601111825144
萬隆,2026-05-14,10470,10782.045449846057
萬隆,2026-05-15,11546,11257.119073377044
萬隆,2026-05-16,9960,9370.856242325042
萬隆,2026-05-17,8250,8136.860374377218
萬隆,2026-05-18,9983,10230.392308642076
萬隆,2026-05-19,10397,10444.320287501663
萬隆,2026-05-20,10663,10677.851315117368
萬隆,2026-05-21,10690,10775.072110960786
萬隆,2026-05-22,11441,11363.214887978458
萬隆,2026-05-23,10203,9358.680258956369
萬隆,2026-05-24,8308,8265.619852624075
萬隆,2026-05-25,10185,10209.613086669047
萬隆,2026-05-26,10457,10523.979769582596
萬隆,2026-05-27,10681,10694.297381055316
萬隆,2026-05-28,10502,10784.909461066229
萬隆,2026-05-29,11309,11279.742129598048
萬隆,2026-05-30,9922,9381.687140281916
萬隆,2026-05-31,8353,8154.687229723961
葫洲,2026-01-01,4795,5455.927825995732
葫洲,2026-01-02,9815,9983.661565296186
葫洲,2026-01-03,6153,6429.5677501023165
葫洲,2026-01-04,5011,4937.464731630089
葫洲,2026-01-05,9399,8970.50951309916
葫洲,2026-01-06,9368,9485.57431058287
葫洲,2026-01-07,9706,9587.010102101129
葫洲,2026-01-08,9498,9452.2199506899
葫洲,2026-01-09,10334,10134.497531424848
葫洲,2026-01-10,6568,6659.830005836111
葫洲,2026-01-11,5146,5162.979300477011
葫洲,2026-01-12,9107,9084.320528270677
葫洲,2026-01-13,9327,9299.075750730375
葫洲,2026-01-14,9619,9549.45259249524
葫洲,2026-01-15,9524,9474.147132372183
葫洲,2026-01-16,10289,10193.495756709575
葫洲,2026-01-17,6378,6650.4986196545
葫洲,2026-01-18,5033,5063.941948969146
葫洲,2026-01-19,8574,8987.192304589853
葫洲,2026-01-20,9260,9058.25739446815
葫洲,2026-01-21,8675,9496.991684975705
葫洲,2026-01-22,8568,9042.742519532065
葫洲,2026-01-23,9081,9715.766842823256
葫洲,2026-01-24,6460,6016.298810992481
葫洲,2026-01-25,5350,5050.188584083873
葫洲,2026-01-26,8400,9056.188054639071
葫洲,2026-01-27,8623,9021.99367674191
葫洲,2026-01-28,8729,9047.34185929464
葫洲,2026-01-29,9007,8958.310861508191
葫洲,2026-01-30,9321,9800.49077044787
葫洲,2026-01-31,6488,6244.86926142369
葫洲,2026-02-01,4984,5127.5375475981255
葫洲,2026-02-02,8244,8810.88007429487
葫洲,2026-02-03,8489,8850.024642141305
葫洲,2026-02-04,8771,8994.642361967335
葫洲,2026-02-05,8886,9021.686895493664
葫洲,2026-02-06,9172,9717.422829830928
葫洲,2026-02-07,6487,6177.082299974056
葫洲,2026-02-08,4908,5070.74881385009
葫洲,2026-02-09,8443,8738.717052514616
葫洲,2026-02-10,8719,8910.429702586594
葫洲,2026-02-11,8969,9105.234920185228
葫洲,2026-02-12,8527,9099.292151217724
葫洲,2026-02-13,8611,9512.711616474566
葫洲,2026-02-14,5154,5932.5297463952265
葫洲,2026-02-15,4112,4412.651750956387
葫洲,2026-02-16,3071,3078.531429445359
葫洲,2026-02-17,3555,3575.1842639775523
葫洲,2026-02-18,3833,3890.142543960797
葫洲,2026-02-19,4433,3820.582272517425
葫洲,2026-02-20,4597,5638.808102153325
葫洲,2026-02-21,5288,5948.961942185539
葫洲,2026-02-22,4910,4452.612752621688
葫洲,2026-02-23,8119,8730.558813519123
葫洲,2026-02-24,8608,8775.671566984032
葫洲,2026-02-25,9571,9045.92119064734
葫洲,2026-02-26,10237,9443.434253957124
葫洲,2026-02-27,6046,5820.646705413987
葫洲,2026-02-28,5807,6594.262557415705
葫洲,2026-03-01,4753,4854.63919536615
葫洲,2026-03-02,9122,8580.035580853983
葫洲,2026-03-03,9510,9212.155397598512
葫洲,2026-03-04,9676,9597.519348697711
葫洲,2026-03-05,9714,9616.387477709575
葫洲,2026-03-06,10590,10033.11596597916
葫洲,2026-03-07,6509,6613.441705838986
葫洲,2026-03-08,5053,5132.976252015151
葫洲,2026-03-09,9289,8892.376659019195
葫洲,2026-03-10,9525,9368.908337969851
葫洲,2026-03-11,9857,9579.996517500096
葫洲,2026-03-12,9744,9643.95180666336
葫洲,2026-03-13,10499,10140.267718791814
葫洲,2026-03-14,6730,6630.385175178273
葫洲,2026-03-15,5282,5223.523874191726
葫洲,2026-03-16,9170,9032.977363499263
葫洲,2026-03-17,9561,9325.137793699963
葫洲,2026-03-18,9773,9629.031092081204
葫洲,2026-03-19,9541,9606.862987622557
葫洲,2026-03-20,10470,10055.177951100048
葫洲,2026-03-21,6761,6643.422537654726
葫洲,2026-03-22,5389,5253.779498746502
葫洲,2026-03-23,9279,9068.17488148744
葫洲,2026-03-24,9488,9404.035891354995
葫洲,2026-03-25,9672,9598.825375612318
葫洲,2026-03-26,9593,9535.910972170775
葫洲,2026-03-27,10354,10110.158773676812
葫洲,2026-03-28,6445,6604.514452395611
葫洲,2026-03-29,5151,5121.9777968783055
葫洲,2026-03-30,9056,8966.010180724275
葫洲,2026-03-31,9338,9283.06105936803
葫洲,2026-04-01,9524,9517.636347014006
葫洲,2026-04-02,10084,9475.498613055985
葫洲,2026-04-03,5445,6023.934952826239
葫洲,2026-04-04,4920,6305.762604172587
葫洲,2026-04-05,4713,4386.688750578207
葫洲,2026-04-06,4533,4390.716337988224
葫洲,2026-04-07,8804,9163.37646651222
葫洲,2026-04-08,8987,9253.578419835743
葫洲,2026-04-09,9078,9306.095301909883
葫洲,2026-04-10,9318,9720.953308862714
葫洲,2026-04-11,6610,5839.208382220873
葫洲,2026-04-12,5143,5203.835523791395
葫洲,2026-04-13,9354,8975.0672281798
葫洲,2026-04-14,9542,9353.460992010776
葫洲,2026-04-15,9745,9569.11017154355
葫洲,2026-04-16,9572,9593.66451313338
葫洲,2026-04-17,10397,9958.7793845876
葫洲,2026-04-18,6787,6614.880121543536
葫洲,2026-04-19,5324,5287.813600330075
葫洲,2026-04-20,9236,9120.410406556955
葫洲,2026-04-21,9445,9369.253615187266
葫洲,2026-04-22,9709,9573.692525744233
葫洲,2026-04-23,9471,9583.646790378953
葫洲,2026-04-24,10489,10025.766224803789
葫洲,2026-04-25,6441,6628.928392950151
葫洲,2026-04-26,5561,5138.858303541661
葫洲,2026-04-27,9426,9203.29151841608
葫洲,2026-04-28,9648,9464.903358164418
葫洲,2026-04-29,9644,9685.773597334017
葫洲,2026-04-30,10441,9545.577354272396
葫洲,2026-05-01,6354,6209.643800677191
葫洲,2026-05-02,6333,6692.488517955575
葫洲,2026-05-03,5167,5167.570522700022
葫洲,2026-05-04,9309,9041.826731619693
葫洲,2026-05-05,9603,9419.377439373004
葫洲,2026-05-06,9903,9639.106645760652
葫洲,2026-05-07,9847,9827.645121267416
葫洲,2026-05-08,10208,10234.163793177877
葫洲,2026-05-09,6382,6412.393794323725
葫洲,2026-05-10,5297,5134.688730296903
葫洲,2026-05-11,9190,9127.500009865991
葫洲,2026-05-12,9362,9383.69592190469
葫洲,2026-05-13,9407,9570.911924874974
葫洲,2026-05-14,9262,9514.686180304972
葫洲,2026-05-15,10556,9922.15177952642
葫洲,2026-05-16,6547,6578.518334311135
葫洲,2026-05-17,5669,5246.199570063698
葫洲,2026-05-18,9144,9292.21702541032
葫洲,2026-05-19,9371,9355.028466863929
葫洲,2026-05-20,9684,9523.582331616955
葫洲,2026-05-21,9534,9590.262046090327
葫洲,2026-05-22,10263,10167.86238392179
葫洲,2026-05-23,6918,6454.073074890066
葫洲,2026-05-24,5310,5466.476241633913
葫洲,2026-05-25,9225,9104.901277467705
葫洲,2026-05-26,9517,9383.215825734052
葫洲,2026-05-27,9555,9632.776655818783
葫洲,2026-05-28,9307,9547.277501003666
葫洲,2026-05-29,10289,10019.362259654044
葫洲,2026-05-30,6514,6540.557483902287
葫洲,2026-05-31,5216,5214.034298772815
蘆洲,2026-01-01,8059,9950.57434126542
蘆洲,2026-01-02,15709,16301.15849624833
蘆洲,2026-01-03,11099,11681.386017809604
蘆洲,2026-01-04,8861,9213.701960978828
蘆洲,2026-01-05,15892,15548.497135651864
蘆洲,2026-01-06,16209,16246.97196884667
蘆洲,2026-01-07,16360,16408.459736314846
蘆洲,2026-01-08,15992,16100.857079276364
蘆洲,2026-01-09,17029,16779.291955848807
蘆洲,2026-01-10,12276,12204.926471379847
蘆洲,2026-01-11,9201,9711.933829029482
蘆洲,2026-01-12,15660,15790.087849381482
蘆洲,2026-01-13,16047,16182.898292992815
蘆洲,2026-01-14,16228,16351.383873250592
蘆洲,2026-01-15,16297,16129.943344376046
蘆洲,2026-01-16,17204,16941.407426060985
蘆洲,2026-01-17,12274,12327.443685911734
蘆洲,2026-01-18,9681,9678.082981737716
蘆洲,2026-01-19,15533,15922.637979686153
蘆洲,2026-01-20,16440,16154.293495948155
蘆洲,2026-01-21,16060,16472.712958266166
蘆洲,2026-01-22,15984,16132.490079551386
蘆洲,2026-01-23,17275,16850.491366644266
蘆洲,2026-01-24,12329,12320.660172518645
蘆洲,2026-01-25,9983,9726.477350452022
蘆洲,2026-01-26,15899,15984.577737052898
蘆洲,2026-01-27,16162,16348.878289136665
蘆洲,2026-01-28,15995,16356.030535779551
蘆洲,2026-01-29,16424,16068.41052971287
蘆洲,2026-01-30,16939,17039.33260920514
蘆洲,2026-01-31,12543,12236.18709380754
蘆洲,2026-02-01,9744,9819.94289706256
蘆洲,2026-02-02,15576,15922.10535582755
蘆洲,2026-02-03,16069,16182.370095350956
蘆洲,2026-02-04,16501,16272.473687490285
蘆洲,2026-02-05,16458,16288.800185093534
蘆洲,2026-02-06,17282,17046.379800262293
蘆洲,2026-02-07,12725,12405.388892531017
蘆洲,2026-02-08,10012,9884.504257364402
蘆洲,2026-02-09,15761,15991.712065805774
蘆洲,2026-02-10,16421,16262.086963415595
蘆洲,2026-02-11,16150,16463.281825412978
蘆洲,2026-02-12,16451,16198.331840590572
蘆洲,2026-02-13,16007,17061.130121141592
蘆洲,2026-02-14,10282,11984.463227659437
蘆洲,2026-02-15,7584,8967.177808563782
蘆洲,2026-02-16,5021,5868.94338310543
蘆洲,2026-02-17,6735,6430.005008080845
蘆洲,2026-02-18,7431,6965.61401493978
蘆洲,2026-02-19,8627,7195.802916843504
蘆洲,2026-02-20,9111,10943.500617162495
蘆洲,2026-02-21,10078,11655.385091818382
蘆洲,2026-02-22,8585,8686.75016833379
蘆洲,2026-02-23,15845,15180.99205916253
蘆洲,2026-02-24,16257,16216.18664455407
蘆洲,2026-02-25,16676,16410.913554724793
蘆洲,2026-02-26,16901,16569.58787525253
蘆洲,2026-02-27,11650,10491.886984062876
蘆洲,2026-02-28,11369,12364.411407166208
蘆洲,2026-03-01,8779,9358.39964942756
蘆洲,2026-03-02,16302,15504.020716350577
蘆洲,2026-03-03,16141,16400.66802117195
蘆洲,2026-03-04,16601,16420.904962721837
蘆洲,2026-03-05,16660,16510.88695576228
蘆洲,2026-03-06,17185,17071.704702687217
蘆洲,2026-03-07,12844,11996.83840546426
蘆洲,2026-03-08,9886,9740.177847693798
蘆洲,2026-03-09,16235,16052.742590685342
蘆洲,2026-03-10,16590,16431.65736423192
蘆洲,2026-03-11,16865,16599.500660640846
蘆洲,2026-03-12,16931,16633.777879412
蘆洲,2026-03-13,17364,17150.402442172424
蘆洲,2026-03-14,12825,12255.38018719022
蘆洲,2026-03-15,11177,9801.454817953523
蘆洲,2026-03-16,16168,16484.175430360443
蘆洲,2026-03-17,16641,16531.665480005155
蘆洲,2026-03-18,16826,16655.32389423977
蘆洲,2026-03-19,16512,16657.0466744224
蘆洲,2026-03-20,17268,17022.54922942408
蘆洲,2026-03-21,14686,12228.698109847006
蘆洲,2026-03-22,10561,10617.066632503138
蘆洲,2026-03-23,16272,16338.96618179473
蘆洲,2026-03-24,16485,16557.438681982956
蘆洲,2026-03-25,16686,16612.97633939197
蘆洲,2026-03-26,16642,16562.41832625968
蘆洲,2026-03-27,17111,17077.560717669363
蘆洲,2026-03-28,12973,12480.079753085063
蘆洲,2026-03-29,9841,9930.434445569945
蘆洲,2026-03-30,16411,15976.92969400003
蘆洲,2026-03-31,16620,16517.521118904937
蘆洲,2026-04-01,16419,16655.17577326992
蘆洲,2026-04-02,16700,16495.252972802216
蘆洲,2026-04-03,10900,10660.53125699666
蘆洲,2026-04-04,9828,12484.417507851977
蘆洲,2026-04-05,9472,8836.141375414403
蘆洲,2026-04-06,8371,9288.927455627125
蘆洲,2026-04-07,16051,15901.59281273413
蘆洲,2026-04-08,16589,16296.822946653378
蘆洲,2026-04-09,16817,16515.285278209114
蘆洲,2026-04-10,17057,17141.63006459726
蘆洲,2026-04-11,12518,12010.134589028155
蘆洲,2026-04-12,9924,9847.095914636831
蘆洲,2026-04-13,15994,15890.75030281606
蘆洲,2026-04-14,16536,16404.20744104499
蘆洲,2026-04-15,16536,16612.814961419917
蘆洲,2026-04-16,16497,16578.206268363756
蘆洲,2026-04-17,17177,17012.433444004317
蘆洲,2026-04-18,12528,12239.257925280202
蘆洲,2026-04-19,10041,9831.589453197252
蘆洲,2026-04-20,16156,15994.352381153556
蘆洲,2026-04-21,16504,16478.391226351596
蘆洲,2026-04-22,16435,16589.151458662633
蘆洲,2026-04-23,16418,16515.638002434873
蘆洲,2026-04-24,17042,17004.083067469226
蘆洲,2026-04-25,11989,12206.15239684478
蘆洲,2026-04-26,10538,9655.674994367542
蘆洲,2026-04-27,16183,16147.829954648763
蘆洲,2026-04-28,16724,16509.987722219532
蘆洲,2026-04-29,16595,16655.019946367403
蘆洲,2026-04-30,16933,16577.75112633039
蘆洲,2026-05-01,11722,10782.612452742267
蘆洲,2026-05-02,11491,12577.91298309949
蘆洲,2026-05-03,9393,9671.874980209664
蘆洲,2026-05-04,16364,15727.453177238798
蘆洲,2026-05-05,16562,16518.614543501197
蘆洲,2026-05-06,16801,16595.30856595294
蘆洲,2026-05-07,16752,16691.131225558624
蘆洲,2026-05-08,16993,17267.21453071028
蘆洲,2026-05-09,12185,12034.607758818282
蘆洲,2026-05-10,9561,9748.410938344716
蘆洲,2026-05-11,15925,15901.255491146105
蘆洲,2026-05-12,16437,16377.851547668495
蘆洲,2026-05-13,16364,16556.89019156853
蘆洲,2026-05-14,16207,16515.034953826747
蘆洲,2026-05-15,17644,16957.91206626185
蘆洲,2026-05-16,12677,12296.503820012991
蘆洲,2026-05-17,11417,9942.013476668002
蘆洲,2026-05-18,15954,16556.84179125517
蘆洲,2026-05-19,16331,16527.232990989436
蘆洲,2026-05-20,16571,16511.461114882262
蘆洲,2026-05-21,16454,16539.348930673634
蘆洲,2026-05-22,17108,17161.905545527115
蘆洲,2026-05-23,12967,12176.536400936562
蘆洲,2026-05-24,10114,10220.396146888292
蘆洲,2026-05-25,15946,16031.888285734422
蘆洲,2026-05-26,16245,16408.470701869042
蘆洲,2026-05-27,16268,16481.792500432388
蘆洲,2026-05-28,16316,16429.224921445897
蘆洲,2026-05-29,16946,17048.35642714334
蘆洲,2026-05-30,13681,12192.74201010822
蘆洲,2026-05-31,9633,10362.935767376042
行天宮,2026-01-01,18024,16859.006081972828
行天宮,2026-01-02,29879,31797.868586003624
行天宮,2026-01-03,20568,20728.205885441173
行天宮,2026-01-04,16036,16923.416754171045
行天宮,2026-01-05,30575,29416.0992208212
行天宮,2026-01-06,30743,30327.21221663534
行天宮,2026-01-07,30702,30611.13485460032
行天宮,2026-01-08,30403,31062.401934773152
行天宮,2026-01-09,31918,31004.365925698166
行天宮,2026-01-10,21123,20597.770113181723
行天宮,2026-01-11,17375,16733.634017900207
行天宮,2026-01-12,29142,29933.32551055164
行天宮,2026-01-13,30608,30509.86629047267
行天宮,2026-01-14,30552,30641.914717243915
行天宮,2026-01-15,30268,30988.036317086997
行天宮,2026-01-16,31547,30959.80563281188
行天宮,2026-01-17,21712,20576.47279302532
行天宮,2026-01-18,16117,16794.044808930284
行天宮,2026-01-19,28872,29735.21312032204
行天宮,2026-01-20,29596,30399.15595009298
行天宮,2026-01-21,30109,30407.237995174382
行天宮,2026-01-22,30013,30642.45604398876
行天宮,2026-01-23,31113,30929.211961209927
行天宮,2026-01-24,21006,20588.29979672365
行天宮,2026-01-25,16324,16540.280443893356
行天宮,2026-01-26,28753,29460.63209568309
行天宮,2026-01-27,29785,30209.855462115924
行天宮,2026-01-28,29655,30328.7920718909
行天宮,2026-01-29,30298,30437.309453475416
行天宮,2026-01-30,31142,30967.359750787808
行天宮,2026-01-31,21408,20701.70101785784
行天宮,2026-02-01,16135,16516.33910648286
行天宮,2026-02-02,29468,29326.00754043593
行天宮,2026-02-03,30029,30203.97326053762
行天宮,2026-02-04,30164,30319.72756028339
行天宮,2026-02-05,30290,30515.629824470798
行天宮,2026-02-06,32109,31085.53962752016
行天宮,2026-02-07,20893,20999.819383328788
行天宮,2026-02-08,16920,16510.566932533213
行天宮,2026-02-09,29212,29445.242702037503
行天宮,2026-02-10,30508,30217.632006880565
行天宮,2026-02-11,29941,30362.106655423428
行天宮,2026-02-12,30586,30518.22674428463
行天宮,2026-02-13,28996,31295.04835471058
行天宮,2026-02-14,15678,20660.01181694265
行天宮,2026-02-15,11755,15614.165123379791
行天宮,2026-02-16,8253,16291.977064798248
行天宮,2026-02-17,31031,16350.690350958088
行天宮,2026-02-18,17248,18720.489026288265
行天宮,2026-02-19,17473,18735.23200144067
行天宮,2026-02-20,17796,16553.313119054656
行天宮,2026-02-21,18979,20323.891736249258
行天宮,2026-02-22,16752,15783.787891940105
行天宮,2026-02-23,28942,28143.58100953183
行天宮,2026-02-24,29616,32035.519887123668
行天宮,2026-02-25,31896,29849.764343218478
行天宮,2026-02-26,31361,30456.06231421383
行天宮,2026-02-27,19693,16874.836339584504
行天宮,2026-02-28,19308,20296.73628058767
行天宮,2026-03-01,15645,16019.798784298777
行天宮,2026-03-02,29109,27850.57592250052
行天宮,2026-03-03,30210,32665.46860563145
行天宮,2026-03-04,29993,30162.09073939442
行天宮,2026-03-05,31076,30334.82877346928
行天宮,2026-03-06,31571,31554.67401995761
行天宮,2026-03-07,21997,19680.988249978865
行天宮,2026-03-08,16654,16115.305539115128
行天宮,2026-03-09,29454,28277.496009611405
行天宮,2026-03-10,30184,32300.91574897756
行天宮,2026-03-11,30628,30373.630622286608
行天宮,2026-03-12,30463,30645.741704754902
行天宮,2026-03-13,32182,31740.64405834999
行天宮,2026-03-14,21469,20026.88468700969
行天宮,2026-03-15,17444,16152.41453734877
行天宮,2026-03-16,29641,28602.02196489766
行天宮,2026-03-17,30287,31979.01084009503
行天宮,2026-03-18,30391,30461.96162953467
行天宮,2026-03-19,31122,30679.40758127679
行天宮,2026-03-20,32016,31887.150900865752
行天宮,2026-03-21,21154,20403.004919948988
行天宮,2026-03-22,17641,16344.666626097089
行天宮,2026-03-23,29698,28822.3855232192
行天宮,2026-03-24,30170,31657.15922890434
行天宮,2026-03-25,31027,30466.3698117986
行天宮,2026-03-26,31000,30806.074025106114
行天宮,2026-03-27,31412,31969.46834290452
行天宮,2026-03-28,22166,20524.605724244346
行天宮,2026-03-29,15435,16688.00257455063
行天宮,2026-03-30,29239,28770.23196734109
行天宮,2026-03-31,29935,31157.67879856772
行天宮,2026-04-01,29442,30364.999026364607
行天宮,2026-04-02,30617,30537.88422894762
行天宮,2026-04-03,16160,17267.789409465975
行天宮,2026-04-04,14238,20490.601278818533
行天宮,2026-04-05,13729,15359.774799602828
行天宮,2026-04-06,14023,13466.760799080435
行天宮,2026-04-07,29070,30110.23811768949
行天宮,2026-04-08,30390,29630.06673010396
行天宮,2026-04-09,30086,30253.57317858148
行天宮,2026-04-10,31091,31186.19367636464
行天宮,2026-04-11,23451,19652.314038640267
行天宮,2026-04-12,17781,16204.4164609767
行天宮,2026-04-13,29318,29224.22312071456
行天宮,2026-04-14,29984,30882.01405223029
行天宮,2026-04-15,30015,30441.2384728361
行天宮,2026-04-16,30615,30695.77139194872
行天宮,2026-04-17,31708,31484.726929473
行天宮,2026-04-18,21318,20104.82793930445
行天宮,2026-04-19,15899,16259.58223539174
行天宮,2026-04-20,28755,28979.98525945448
行天宮,2026-04-21,29343,30440.64991060933
行天宮,2026-04-22,29903,30174.004927906957
行天宮,2026-04-23,30409,30487.485384233507
行天宮,2026-04-24,31080,31361.604762570503
行天宮,2026-04-25,20267,20335.110509416794
行天宮,2026-04-26,17041,16052.790057831928
行天宮,2026-04-27,29504,28931.576026692477
行天宮,2026-04-28,29841,30329.63424408084
行天宮,2026-04-29,30334,30230.37387399142
行天宮,2026-04-30,30962,30609.936692136005
行天宮,2026-05-01,19227,17130.952033610116
行天宮,2026-05-02,18387,20820.448073233245
行天宮,2026-05-03,14662,16199.459497524498
行天宮,2026-05-04,30629,28710.42211202904
行天宮,2026-05-05,31150,30162.8897238415
行天宮,2026-05-06,30430,30375.35759378798
行天宮,2026-05-07,31005,30761.224022586932
行天宮,2026-05-08,30692,31838.82918832192
行天宮,2026-05-09,19276,20160.74407739832
行天宮,2026-05-10,13952,15954.928029380608
行天宮,2026-05-11,29185,28838.172891818867
行天宮,2026-05-12,29955,29971.903532667235
行天宮,2026-05-13,30423,30035.887673487545
行天宮,2026-05-14,29566,30579.08643557773
行天宮,2026-05-15,31027,31467.981440987987
行天宮,2026-05-16,22180,19713.87604615473
行天宮,2026-05-17,16983,15852.897434112638
行天宮,2026-05-18,28452,29566.150615568524
行天宮,2026-05-19,29081,30312.1458002296
行天宮,2026-05-20,30098,30161.989052449717
行天宮,2026-05-21,29644,30463.340666591903
行天宮,2026-05-22,30133,31346.207820337517
行天宮,2026-05-23,20432,19888.73864320904
行天宮,2026-05-24,16265,15587.760891895756
行天宮,2026-05-25,28296,29137.298494466973
行天宮,2026-05-26,29058,29928.264944860777
行天宮,2026-05-27,29246,30030.181171181328
行天宮,2026-05-28,29832,30084.62446029804
行天宮,2026-05-29,30237,31050.795131669754
行天宮,2026-05-30,19443,20048.756165605213
行天宮,2026-05-31,15993,15581.45726124525
西湖,2026-01-01,3901,4296.360673321778
西湖,2026-01-02,14066,16466.767498844194
西湖,2026-01-03,4699,4819.664621723365
西湖,2026-01-04,4023,3802.7550391061504
西湖,2026-01-05,16421,15742.079628360114
西湖,2026-01-06,16852,16621.040763181434
西湖,2026-01-07,16670,16654.181867662588
西湖,2026-01-08,16843,16511.851272850265
西湖,2026-01-09,16845,16438.769782207117
西湖,2026-01-10,5473,5567.651786694732
西湖,2026-01-11,4420,4323.278378677642
西湖,2026-01-12,15495,16093.514421082398
西湖,2026-01-13,15755,16530.35341902724
西湖,2026-01-14,15808,16331.665715447913
西湖,2026-01-15,15798,16200.582686022051
西湖,2026-01-16,15758,16122.710433331791
西湖,2026-01-17,5458,5125.364018427561
西湖,2026-01-18,4200,4140.722035232724
西湖,2026-01-19,15593,15899.754192897562
西湖,2026-01-20,16013,16434.69907695274
西湖,2026-01-21,15843,16342.325486009966
西湖,2026-01-22,16619,16192.100641561055
西湖,2026-01-23,15726,16303.533847869672
西湖,2026-01-24,5169,5235.36027899295
西湖,2026-01-25,4154,4104.84707972546
西湖,2026-01-26,15146,15862.065796891611
西湖,2026-01-27,15807,16296.976864680222
西湖,2026-01-28,15533,16213.456602476075
西湖,2026-01-29,15690,16114.822114102612
西湖,2026-01-30,15617,15985.854891046309
西湖,2026-01-31,5143,5079.113173734793
西湖,2026-02-01,4111,4041.367938852865
西湖,2026-02-02,15136,15775.849185828967
西湖,2026-02-03,15650,16250.850249280242
西湖,2026-02-04,15674,16125.724185292827
西湖,2026-02-05,15759,16088.034210475347
西湖,2026-02-06,15467,15994.451848388288
西湖,2026-02-07,5173,5057.860617620601
西湖,2026-02-08,4489,4041.6810610482007
西湖,2026-02-09,15106,15835.39807804301
西湖,2026-02-10,15732,16246.554549961
西湖,2026-02-11,15598,16139.801802984575
西湖,2026-02-12,15219,16066.81954738038
西湖,2026-02-13,14032,15825.572652917694
西湖,2026-02-14,4095,4651.127676505646
西湖,2026-02-15,3134,3634.6654941944903
西湖,2026-02-16,2152,1985.063650733322
西湖,2026-02-17,2327,2800.048646431247
西湖,2026-02-18,2676,2736.127521049748
西湖,2026-02-19,2846,2776.7424508518
西湖,2026-02-20,3281,3634.164322306471
西湖,2026-02-21,3844,5099.580314784973
西湖,2026-02-22,3510,3727.495167450445
西湖,2026-02-23,14278,15456.66021304858
西湖,2026-02-24,15163,15837.729966657713
西湖,2026-02-25,15571,15826.413370213622
西湖,2026-02-26,15510,15907.029102039603
西湖,2026-02-27,4868,3416.538217774236
西湖,2026-02-28,4533,5314.3444720749685
西湖,2026-03-01,3739,4017.591411891002
西湖,2026-03-02,15828,15541.153791675044
西湖,2026-03-03,16885,16257.106009306985
西湖,2026-03-04,16887,16428.099554370263
西湖,2026-03-05,16996,16459.631426214237
西湖,2026-03-06,16620,16467.058498579427
西湖,2026-03-07,5720,5395.709128840608
西湖,2026-03-08,4641,4343.775582924522
西湖,2026-03-09,16127,15957.093869544751
西湖,2026-03-10,16594,16547.973097923936
西湖,2026-03-11,16610,16490.811196096663
西湖,2026-03-12,16599,16450.13207153787
西湖,2026-03-13,16678,16321.83902845591
西湖,2026-03-14,5574,5402.800378832642
西湖,2026-03-15,4300,4321.783814468905
西湖,2026-03-16,15807,15858.003860117356
西湖,2026-03-17,16693,16413.703037166153
西湖,2026-03-18,16485,16463.086393156147
西湖,2026-03-19,16423,16407.422495913444
西湖,2026-03-20,16417,16283.847012992112
西湖,2026-03-21,6352,5318.672299009722
西湖,2026-03-22,4394,4469.876871709188
西湖,2026-03-23,15981,15938.174550739644
西湖,2026-03-24,16663,16513.863142274222
西湖,2026-03-25,16458,16487.368467395867
西湖,2026-03-26,16560,16408.76239626134
西湖,2026-03-27,16422,16321.622135652686
西湖,2026-03-28,5258,5410.87638699805
西湖,2026-03-29,4191,4198.301967334846
西湖,2026-03-30,15823,15781.869196193406
西湖,2026-03-31,16555,16413.08174062118
西湖,2026-04-01,16203,16413.75486197994
西湖,2026-04-02,15480,16327.22057208177
西湖,2026-04-03,4190,3702.289125509009
西湖,2026-04-04,3726,5268.771200002742
西湖,2026-04-05,3538,3773.66317401688
西湖,2026-04-06,3416,3128.8330219279087
西湖,2026-04-07,16405,16257.568371803613
西湖,2026-04-08,16604,16293.2112305315
西湖,2026-04-09,16501,16314.450405555135
西湖,2026-04-10,16389,16331.916035729011
西湖,2026-04-11,6623,5237.629158690594
西湖,2026-04-12,4246,4513.091148615025
西湖,2026-04-13,15673,15956.452857666198
西湖,2026-04-14,16602,16453.73005203402
西湖,2026-04-15,16678,16449.172811952114
西湖,2026-04-16,16443,16419.360660480565
西湖,2026-04-17,16579,16339.98744821982
西湖,2026-04-18,5678,5434.402712360759
西湖,2026-04-19,4569,4284.413162833986
西湖,2026-04-20,15513,15919.975271573112
西湖,2026-04-21,16306,16418.65758543181
西湖,2026-04-22,16379,16368.297003215648
西湖,2026-04-23,16844,16304.94311960167
西湖,2026-04-24,16753,16410.35625122535
西湖,2026-04-25,5931,5487.775759328153
西湖,2026-04-26,5021,4402.965034317815
西湖,2026-04-27,15666,16044.688444674135
西湖,2026-04-28,16499,16506.611978297264
西湖,2026-04-29,16652,16453.262998096274
西湖,2026-04-30,17052,16451.30343003692
西湖,2026-05-01,4954,4210.521883695503
西湖,2026-05-02,4580,5684.210352814396
西湖,2026-05-03,3897,4177.577565430092
西湖,2026-05-04,15721,15634.145913884317
西湖,2026-05-05,16926,16360.5300760737
西湖,2026-05-06,16415,16513.47929874759
西湖,2026-05-07,16648,16445.166100023795
西湖,2026-05-08,16445,16459.114900527416
西湖,2026-05-09,5168,5333.779981473177
西湖,2026-05-10,3956,4182.676667963948
西湖,2026-05-11,15514,15681.65134932446
西湖,2026-05-12,16320,16366.272194089115
西湖,2026-05-13,16718,16334.302540981083
西湖,2026-05-14,16040,16453.192248913052
西湖,2026-05-15,16111,16291.817655815352
西湖,2026-05-16,6199,5201.2085545309965
西湖,2026-05-17,4373,4368.157092021302
西湖,2026-05-18,15382,15852.317507064256
西湖,2026-05-19,16210,16393.53207302778
西湖,2026-05-20,16139,16357.012247445906
西湖,2026-05-21,16287,16267.932050000798
西湖,2026-05-22,15852,16277.9037051729
西湖,2026-05-23,6462,5218.726070904624
西湖,2026-05-24,5145,4412.77568990376
西湖,2026-05-25,15425,16028.087618528394
西湖,2026-05-26,16254,16477.032957600626
西湖,2026-05-27,15978,16382.415980202071
西湖,2026-05-28,15961,16259.84227250731
西湖,2026-05-29,15906,16159.879107485409
西湖,2026-05-30,5294,5269.024383534663
西湖,2026-05-31,4518,4168.893234312141
西門,2026-01-01,83260,72426.05627286591
西門,2026-01-02,77870,84197.86728611763
西門,2026-01-03,79035,83733.85260084478
西門,2026-01-04,64916,71622.96388534727
西門,2026-01-05,63091,62831.366861637725
西門,2026-01-06,63440,68084.85509551218
西門,2026-01-07,65356,66661.30512896253
西門,2026-01-08,64227,73157.86492861432
西門,2026-01-09,73002,72520.96048229607
西門,2026-01-10,78583,80205.80147947502
西門,2026-01-11,69634,69227.36024863535
西門,2026-01-12,62736,65804.57453655307
西門,2026-01-13,63919,66226.94779300294
西門,2026-01-14,64682,66297.92875227878
西門,2026-01-15,64678,70013.73287146154
西門,2026-01-16,74570,72805.82847302567
西門,2026-01-17,78471,80389.00615471597
西門,2026-01-18,66955,69037.94187370864
西門,2026-01-19,64290,63261.00056790391
西門,2026-01-20,73206,66330.60233953704
西門,2026-01-21,64271,70882.1366627032
西門,2026-01-22,63495,67228.66580251447
西門,2026-01-23,73705,72822.56809116807
西門,2026-01-24,79931,79266.8685910634
西門,2026-01-25,72176,69217.60925018786
西門,2026-01-26,66566,66397.48188020528
西門,2026-01-27,65929,69619.81892304825
西門,2026-01-28,67095,64385.25886609601
西門,2026-01-29,68274,67821.91664903457
西門,2026-01-30,74585,75685.12035386129
西門,2026-01-31,78782,79701.55816362317
西門,2026-02-01,66866,69487.48378291511
西門,2026-02-02,65205,63545.82393928982
西門,2026-02-03,66503,68067.7764485323
西門,2026-02-04,68002,65494.63761877656
西門,2026-02-05,70140,68356.18422137637
西門,2026-02-06,78408,76345.22690375481
西門,2026-02-07,83799,81477.97695802833
西門,2026-02-08,73031,71326.44436618888
西門,2026-02-09,68500,67350.22199665122
西門,2026-02-10,68042,68986.81344800444
西門,2026-02-11,66273,67150.28715314194
西門,2026-02-12,68077,67930.81163256128
西門,2026-02-13,71820,75944.56810643
西門,2026-02-14,66837,78611.90554064143
西門,2026-02-15,57136,62573.82712553445
西門,2026-02-16,36759,48690.98509352702
西門,2026-02-17,62983,46670.312109650185
西門,2026-02-18,64325,60326.2989875051
西門,2026-02-19,73372,61748.42586100708
西門,2026-02-20,72954,85486.72551783468
西門,2026-02-21,73145,73302.61416609977
西門,2026-02-22,59475,64480.18515861824
西門,2026-02-23,56722,56625.42075110536
西門,2026-02-24,58274,68142.18753074261
西門,2026-02-25,63380,63285.08153115056
西門,2026-02-26,69873,70801.03461895953
西門,2026-02-27,86044,73487.61857710227
西門,2026-02-28,89930,81047.82042771496
西門,2026-03-01,69110,71362.5983450631
西門,2026-03-02,61808,60956.73943224743
西門,2026-03-03,61538,67689.0681630581
西門,2026-03-04,62709,65045.0068434844
西門,2026-03-05,66641,70274.4139036681
西門,2026-03-06,76347,73504.5717572491
西門,2026-03-07,90685,79948.18577086086
西門,2026-03-08,74584,71283.07964248251
西門,2026-03-09,63927,64281.76025595027
西門,2026-03-10,63622,66228.22261646774
西門,2026-03-11,68913,65344.17542521873
西門,2026-03-12,69418,72411.12516278446
西門,2026-03-13,77107,76077.73272682191
西門,2026-03-14,88570,84143.29986906906
西門,2026-03-15,74516,71119.2579955541
西門,2026-03-16,64367,64261.35516598056
西門,2026-03-17,65371,65429.38306109457
西門,2026-03-18,66385,67456.21045991355
西門,2026-03-19,66308,69776.96229657
西門,2026-03-20,78892,74873.69163931314
西門,2026-03-21,85968,87091.15276251809
西門,2026-03-22,75336,70782.02628574701
西門,2026-03-23,64057,64899.43739901199
西門,2026-03-24,64456,65111.24164495988
西門,2026-03-25,66360,66698.38274031588
西門,2026-03-26,65967,68555.56984703128
西門,2026-03-27,73169,76065.24631181663
西門,2026-03-28,78017,83601.09428678345
西門,2026-03-29,67148,68220.09087992432
西門,2026-03-30,63608,60380.18853855101
西門,2026-03-31,62988,65035.58941218031
西門,2026-04-01,63224,65705.77815217718
西門,2026-04-02,69728,65891.3811158329
西門,2026-04-03,72989,79600.7448656799
西門,2026-04-04,72373,80156.24887148885
西門,2026-04-05,71638,64928.17450548383
西門,2026-04-06,60102,66398.52299092743
西門,2026-04-07,58884,60874.08403415384
西門,2026-04-08,62352,62859.98230501654
西門,2026-04-09,64442,66819.08652820112
西門,2026-04-10,74907,72193.82714658864
西門,2026-04-11,81225,79929.86019795373
西門,2026-04-12,69935,71934.13490039913
西門,2026-04-13,61878,60821.68254426424
西門,2026-04-14,62641,62481.35069281077
西門,2026-04-15,62634,64525.11098921782
西門,2026-04-16,63055,66101.86126598166
西門,2026-04-17,71903,72152.03321257335
西門,2026-04-18,78994,78535.11530789125
西門,2026-04-19,66649,70333.76044170618
西門,2026-04-20,60315,59248.03997519684
西門,2026-04-21,61083,61764.07038424663
西門,2026-04-22,62275,63059.33950619894
西門,2026-04-23,61065,64872.87640508402
西門,2026-04-24,71410,71035.8014575669
西門,2026-04-25,77790,78561.01277510815
西門,2026-04-26,71443,68357.38684917479
西門,2026-04-27,62902,62421.01104900815
西門,2026-04-28,62088,62741.92318699839
西門,2026-04-29,63337,63197.220419588
西門,2026-04-30,70443,64059.31219038361
西門,2026-05-01,78282,78525.45404161475
西門,2026-05-02,76842,80503.91074960526
西門,2026-05-03,65080,68561.25204160009
西門,2026-05-04,65003,59081.9679543738
西門,2026-05-05,61849,64022.62979058582
西門,2026-05-06,65313,62946.549961000455
西門,2026-05-07,63981,67265.56900518296
西門,2026-05-08,70745,72569.90508570288
西門,2026-05-09,74602,76531.15999442038
西門,2026-05-10,62168,66458.57652926492
西門,2026-05-11,60629,59548.62472071177
西門,2026-05-12,61294,60940.39649643569
西門,2026-05-13,59965,63658.66872480509
西門,2026-05-14,61915,63315.56102466847
西門,2026-05-15,77665,71059.73672190019
西門,2026-05-16,82199,79775.88081499912
西門,2026-05-17,74212,68826.1604157235
西門,2026-05-18,61816,66521.72830827342
西門,2026-05-19,62083,61065.30204685198
西門,2026-05-20,64535,62912.1275255854
西門,2026-05-21,64078,65287.01561898054
西門,2026-05-22,73902,74232.37178840557
西門,2026-05-23,82939,78326.46041869375
西門,2026-05-24,71072,71165.57225174125
西門,2026-05-25,63313,63114.19347642457
西門,2026-05-26,62139,62442.36096625736
西門,2026-05-27,63190,63293.31004091235
西門,2026-05-28,63897,64087.91394776476
西門,2026-05-29,73375,74273.05306522195
西門,2026-05-30,82077,79663.23269134042
西門,2026-05-31,70917,70826.9999762268
象山,2026-01-01,18259,11007.769168386085
象山,2026-01-02,15333,18653.709884582106
象山,2026-01-03,11234,11858.4278018028
象山,2026-01-04,10354,9697.068146205693
象山,2026-01-05,15467,15428.46668585841
象山,2026-01-06,14966,15710.42992256424
象山,2026-01-07,15814,15490.513784669492
象山,2026-01-08,15663,16728.208617354587
象山,2026-01-09,16567,15678.41478537913
象山,2026-01-10,11449,11706.114374990024
象山,2026-01-11,9251,9813.008327801195
象山,2026-01-12,15286,14887.234120060826
象山,2026-01-13,15872,15391.350936661538
象山,2026-01-14,16118,15924.178552767473
象山,2026-01-15,16062,16360.855494079704
象山,2026-01-16,16690,16176.843260512736
象山,2026-01-17,12150,11794.357310543084
象山,2026-01-18,10166,9967.932028921778
象山,2026-01-19,15134,15326.461043230542
象山,2026-01-20,15713,15532.38302466062
象山,2026-01-21,15089,15890.692771995842
象山,2026-01-22,15003,15966.83800980833
象山,2026-01-23,16045,15742.949842620455
象山,2026-01-24,11118,11521.306103057494
象山,2026-01-25,12679,9573.331393969367
象山,2026-01-26,15134,16083.94310673668
象山,2026-01-27,14872,15718.364828243592
象山,2026-01-28,14749,15500.65617024308
象山,2026-01-29,15742,15663.13088371596
象山,2026-01-30,16254,15982.249549330809
象山,2026-01-31,10049,11571.858362182047
象山,2026-02-01,7597,9654.286817522872
象山,2026-02-02,14674,14032.71651906567
象山,2026-02-03,15445,14980.397914584848
象山,2026-02-04,16348,15505.410802695593
象山,2026-02-05,16638,16323.872635818632
象山,2026-02-06,15934,16463.17858915718
象山,2026-02-07,10564,11361.644363889576
象山,2026-02-08,9125,9370.671657502684
象山,2026-02-09,15033,14773.504086163708
象山,2026-02-10,15870,15358.72480709578
象山,2026-02-11,15473,15885.449482281188
象山,2026-02-12,15539,16100.0886925854
象山,2026-02-13,15224,15911.407737470505
象山,2026-02-14,9820,10969.391717434568
象山,2026-02-15,7794,9084.98776661624
象山,2026-02-16,5215,7601.309781333719
象山,2026-02-17,7848,7506.031315464097
象山,2026-02-18,8577,8364.170025436006
象山,2026-02-19,10385,9101.958047720364
象山,2026-02-20,10329,11814.611857422764
象山,2026-02-21,10985,10811.709601912124
象山,2026-02-22,9478,9331.425448533895
象山,2026-02-23,15299,14560.21482015152
象山,2026-02-24,15451,15558.621386255169
象山,2026-02-25,15873,15710.55485996641
象山,2026-02-26,16037,16333.752747355837
象山,2026-02-27,10126,11381.738367357828
象山,2026-02-28,10564,10770.581197662716
象山,2026-03-01,8962,9241.906283694358
象山,2026-03-02,15217,14567.962850631902
象山,2026-03-03,15077,15440.747697108898
象山,2026-03-04,15465,15569.49747133118
象山,2026-03-05,16071,16039.622278917132
象山,2026-03-06,16513,15745.382759620104
象山,2026-03-07,11738,11416.10788606135
象山,2026-03-08,9897,9778.385111844098
象山,2026-03-09,15203,15100.398810215907
象山,2026-03-10,15314,15494.88512647918
象山,2026-03-11,17107,15653.963524758808
象山,2026-03-12,17034,16675.87801305915
象山,2026-03-13,17572,16420.36983435713
象山,2026-03-14,13110,11968.829012017604
象山,2026-03-15,11198,10420.505195472077
象山,2026-03-16,16128,15687.855772051971
象山,2026-03-17,16063,15963.045729295736
象山,2026-03-18,16667,16248.174726702156
象山,2026-03-19,16466,16653.49942890429
象山,2026-03-20,17689,16326.891242117752
象山,2026-03-21,13168,12108.44683326444
象山,2026-03-22,11459,10546.382410831577
象山,2026-03-23,16745,15842.319385252018
象山,2026-03-24,16000,16234.77622135313
象山,2026-03-25,16572,16262.585474701616
象山,2026-03-26,16469,16579.879724547995
象山,2026-03-27,15905,16453.087028995364
象山,2026-03-28,12783,11550.240758290469
象山,2026-03-29,9961,10348.333704013998
象山,2026-03-30,16094,15339.915175901584
象山,2026-03-31,16003,15821.825458379204
象山,2026-04-01,15593,16195.16612589632
象山,2026-04-02,16595,16198.976663112147
象山,2026-04-03,9634,11765.356079715204
象山,2026-04-04,8193,11011.928432432513
象山,2026-04-05,9549,8427.50707134935
象山,2026-04-06,7541,10345.708129172552
象山,2026-04-07,14762,14260.52531636195
象山,2026-04-08,15864,15275.668782809997
象山,2026-04-09,16050,16175.810846790824
象山,2026-04-10,16941,15755.686781930628
象山,2026-04-11,12579,11504.656017224335
象山,2026-04-12,10394,10417.666914207946
象山,2026-04-13,15877,15104.774637733251
象山,2026-04-14,16020,15880.8044628944
象山,2026-04-15,15716,16202.577831177105
象山,2026-04-16,15847,16267.126340996556
象山,2026-04-17,16825,16001.325668415278
象山,2026-04-18,11811,11757.554188641328
象山,2026-04-19,10901,10063.842691632604
象山,2026-04-20,15603,15484.698281274748
象山,2026-04-21,15838,15800.353192373725
象山,2026-04-22,15836,16019.688018488228
象山,2026-04-23,14936,16236.71552558612
象山,2026-04-24,15514,15738.422663221518
象山,2026-04-25,10519,11167.109917692664
象山,2026-04-26,11777,9589.051740736644
象山,2026-04-27,15843,15651.610367655525
象山,2026-04-28,16375,15924.86641838386
象山,2026-04-29,16302,16241.71433265715
象山,2026-04-30,16015,16292.07225107076
象山,2026-05-01,12228,11607.87853676622
象山,2026-05-02,12433,11604.257525041468
象山,2026-05-03,9476,10674.70431422536
象山,2026-05-04,15343,15022.489432966118
象山,2026-05-05,14823,15658.501872257675
象山,2026-05-06,16532,15624.852304394684
象山,2026-05-07,16543,16263.123890876564
象山,2026-05-08,16414,16374.278074660442
象山,2026-05-09,10454,11689.060795650408
象山,2026-05-10,9175,9645.816912864391
象山,2026-05-11,15552,14781.843534561134
象山,2026-05-12,16193,15525.999354512353
象山,2026-05-13,15169,16252.677999919342
象山,2026-05-14,15406,15943.089822856133
象山,2026-05-15,17004,15848.08655977181
象山,2026-05-16,13138,11567.946719341657
象山,2026-05-17,11166,10631.06925118769
象山,2026-05-18,15926,15822.809033607238
象山,2026-05-19,16054,16017.733662962964
象山,2026-05-20,16827,16075.9391131868
象山,2026-05-21,16087,16459.030966317212
象山,2026-05-22,16809,16395.710108324165
象山,2026-05-23,12587,11876.468283893924
象山,2026-05-24,10379,10541.975213701531
象山,2026-05-25,15639,15464.619570748884
象山,2026-05-26,15896,15810.231554757313
象山,2026-05-27,16029,16142.532967599587
象山,2026-05-28,16093,16122.347536999428
象山,2026-05-29,15551,16323.105964743872
象山,2026-05-30,12139,11425.736284363826
象山,2026-05-31,10006,10221.39621062328
輔大,2026-01-01,4599,6642.5033071979615
輔大,2026-01-02,12191,11703.564915267789
輔大,2026-01-03,6302,7003.766813556918
輔大,2026-01-04,4652,4097.091933749691
輔大,2026-01-05,8237,11055.540193427369
輔大,2026-01-06,8100,10967.008529397492
輔大,2026-01-07,8267,9814.792544688084
輔大,2026-01-08,8155,8602.355356217911
輔大,2026-01-09,8574,9732.228036896362
輔大,2026-01-10,6098,4167.595078770917
輔大,2026-01-11,4648,3850.707671789925
輔大,2026-01-12,7432,9971.21246623405
輔大,2026-01-13,7643,9363.730671451089
輔大,2026-01-14,7730,8880.523824730937
輔大,2026-01-15,7524,7997.577206458504
輔大,2026-01-16,7951,8867.758346649982
輔大,2026-01-17,5653,4435.102541109631
輔大,2026-01-18,4535,3831.3858365243377
輔大,2026-01-19,6961,8811.425390723685
輔大,2026-01-20,7620,8325.920505077975
輔大,2026-01-21,7336,8344.00304714821
輔大,2026-01-22,7358,7558.2968273303
輔大,2026-01-23,7450,8350.2261865676
輔大,2026-01-24,5702,4624.878097230987
輔大,2026-01-25,4699,4103.869519447428
輔大,2026-01-26,7107,8141.275730473439
輔大,2026-01-27,7244,8116.890786463436
輔大,2026-01-28,7448,7715.481807098046
輔大,2026-01-29,7737,7507.890549870809
輔大,2026-01-30,7454,8223.281692859538
輔大,2026-01-31,5581,5100.349989171607
輔大,2026-02-01,4180,4278.7643927760855
輔大,2026-02-02,6740,7371.8096228097875
輔大,2026-02-03,7182,7497.216451888382
輔大,2026-02-04,7324,7510.703945544306
輔大,2026-02-05,7342,7502.536850197136
輔大,2026-02-06,7315,7652.932771918951
輔大,2026-02-07,5502,5190.395108651954
輔大,2026-02-08,4505,4192.107054257129
輔大,2026-02-09,6894,7295.979660520596
輔大,2026-02-10,7116,7475.116243437318
輔大,2026-02-11,7251,7410.173865509652
輔大,2026-02-12,7108,7400.510156311507
輔大,2026-02-13,6583,7353.749944845647
輔大,2026-02-14,3997,4849.944997129816
輔大,2026-02-15,3069,3316.44053391479
輔大,2026-02-16,2017,934.8454236919306
輔大,2026-02-17,2516,2197.6790927366173
輔大,2026-02-18,2869,2529.77331659811
輔大,2026-02-19,3165,2648.4046070233644
輔大,2026-02-20,3528,1620.3447416306751
輔大,2026-02-21,4130,6622.350648579783
輔大,2026-02-22,3848,3606.296745684567
輔大,2026-02-23,7269,7035.607759951724
輔大,2026-02-24,7828,7603.456188476149
輔大,2026-02-25,12590,7928.842214116647
輔大,2026-02-26,13272,10815.93284027139
輔大,2026-02-27,6147,5745.32794442671
輔大,2026-02-28,5730,7744.059425523794
輔大,2026-03-01,4782,4965.824512031251
輔大,2026-03-02,12063,7907.950789694722
輔大,2026-03-03,12750,10748.008272834331
輔大,2026-03-04,12399,13152.037615081535
輔大,2026-03-05,12930,12126.36427604355
輔大,2026-03-06,13322,12057.014232874371
輔大,2026-03-07,8257,7450.244102536606
輔大,2026-03-08,5539,6531.165993724297
輔大,2026-03-09,12091,10177.429737736364
輔大,2026-03-10,12784,11625.375053548923
輔大,2026-03-11,12901,13037.50594274429
輔大,2026-03-12,13027,12813.502222229134
輔大,2026-03-13,13305,12647.808526512348
輔大,2026-03-14,7130,7704.823438709611
輔大,2026-03-15,5479,5458.764935913969
輔大,2026-03-16,12039,10886.096595773624
輔大,2026-03-17,12803,12069.915325678783
輔大,2026-03-18,12719,12962.698259604063
輔大,2026-03-19,12620,12802.918365746253
輔大,2026-03-20,12928,12666.60797191075
輔大,2026-03-21,7414,7244.343452607036
輔大,2026-03-22,6036,5574.953513206563
輔大,2026-03-23,11854,11732.722196041894
輔大,2026-03-24,12760,12314.737103639078
輔大,2026-03-25,12503,12832.677333466616
輔大,2026-03-26,12465,12601.354248214391
輔大,2026-03-27,12572,12668.14293603025
輔大,2026-03-28,6804,7056.100902841801
輔大,2026-03-29,4947,5343.578539419585
輔大,2026-03-30,11736,11083.346317486445
輔大,2026-03-31,12503,12328.431537881872
輔大,2026-04-01,12085,12518.862323398149
輔大,2026-04-02,7483,12262.006990875518
輔大,2026-04-03,4894,3276.1699898061743
輔大,2026-04-04,4005,5662.5539425510015
輔大,2026-04-05,4111,3304.7510761240173
輔大,2026-04-06,3986,4289.253195541105
輔大,2026-04-07,6667,11383.409901617715
輔大,2026-04-08,11813,8617.696938189845
輔大,2026-04-09,12462,9761.552317305974
輔大,2026-04-10,12591,13108.986094804235
輔大,2026-04-11,7795,6324.530768602983
輔大,2026-04-12,5299,6107.238848595129
輔大,2026-04-13,11595,11537.549270111083
輔大,2026-04-14,12202,10583.116699842543
輔大,2026-04-15,11957,13350.721277997784
輔大,2026-04-16,12360,11230.0698571557
輔大,2026-04-17,12384,12978.986779062692
輔大,2026-04-18,6795,6708.880131834512
輔大,2026-04-19,4770,5193.661020360292
輔大,2026-04-20,11667,11136.21972399632
輔大,2026-04-21,12765,11045.948549902938
輔大,2026-04-22,12338,13259.84668455524
輔大,2026-04-23,12342,12023.334269845733
輔大,2026-04-24,12441,12765.528496645486
輔大,2026-04-25,7349,6824.81863342275
輔大,2026-04-26,6496,5354.933611518691
輔大,2026-04-27,11701,12447.61294906728
輔大,2026-04-28,12623,11924.970929778428
輔大,2026-04-29,12281,12804.556165490758
輔大,2026-04-30,13160,12128.603864296312
輔大,2026-05-01,6126,6860.0878842539405
輔大,2026-05-02,5982,7060.929556580728
輔大,2026-05-03,4602,4940.973590822114
輔大,2026-05-04,11489,10900.128257417466
輔大,2026-05-05,12261,11926.046770376624
輔大,2026-05-06,12349,12316.410052929195
輔大,2026-05-07,12561,12530.9061908476
輔大,2026-05-08,12462,12469.41730745372
輔大,2026-05-09,6736,6661.495611821452
輔大,2026-05-10,4685,5308.256314458731
輔大,2026-05-11,11423,11216.457951214612
輔大,2026-05-12,12506,12046.257536739082
輔大,2026-05-13,11791,12461.911830959916
輔大,2026-05-14,12361,12249.408100385615
輔大,2026-05-15,13431,12277.936759635382
輔大,2026-05-16,8186,7229.631023713982
輔大,2026-05-17,6007,6032.100507771682
輔大,2026-05-18,11875,12260.580913830014
輔大,2026-05-19,12270,12639.447309222134
輔大,2026-05-20,12292,12122.428741018715
輔大,2026-05-21,12493,12586.5840244132
輔大,2026-05-22,12566,12837.167023567312
輔大,2026-05-23,7678,7080.724016558404
輔大,2026-05-24,5395,5621.136731912518
輔大,2026-05-25,11646,11690.129747196164
輔大,2026-05-26,12360,12311.624339683693
輔大,2026-05-27,12039,12194.329161666175
輔大,2026-05-28,12281,12402.828373241386
輔大,2026-05-29,12418,12616.214381489484
輔大,2026-05-30,7031,7221.688363387842
輔大,2026-05-31,5201,5122.593090952127
辛亥,2026-01-01,2084,2271.101989563748
辛亥,2026-01-02,3584,3811.256270360869
辛亥,2026-01-03,2672,2805.1880056911486
辛亥,2026-01-04,2323,2286.99488770725
辛亥,2026-01-05,3611,3527.373057194512
辛亥,2026-01-06,3667,3707.486348585272
辛亥,2026-01-07,3678,3720.453127866134
辛亥,2026-01-08,3778,3708.042940074845
辛亥,2026-01-09,3985,3894.517966389577
辛亥,2026-01-10,2988,2932.667782922522
辛亥,2026-01-11,2320,2390.234934043022
辛亥,2026-01-12,3526,3516.85861479237
辛亥,2026-01-13,3815,3674.083698768551
辛亥,2026-01-14,4197,3779.9938192124446
辛亥,2026-01-15,4128,3907.954013731458
辛亥,2026-01-16,4299,4004.7542797904034
辛亥,2026-01-17,3077,3042.788460394455
辛亥,2026-01-18,2469,2400.2279537527456
辛亥,2026-01-19,3685,3574.590564473533
辛亥,2026-01-20,3782,3739.281503527333
辛亥,2026-01-21,3686,3793.7967322297577
辛亥,2026-01-22,3710,3728.5535574102114
辛亥,2026-01-23,3928,3901.478782374514
辛亥,2026-01-24,2779,2922.2429444706386
辛亥,2026-01-25,2441,2309.9290819140224
辛亥,2026-01-26,3684,3590.8764726457152
辛亥,2026-01-27,3708,3742.3631472454144
辛亥,2026-01-28,3736,3757.675141962921
辛亥,2026-01-29,3786,3753.552131632556
辛亥,2026-01-30,3995,3931.293923201209
辛亥,2026-01-31,2874,2931.7517870461697
辛亥,2026-02-01,2219,2355.7714611586835
辛亥,2026-02-02,3688,3505.1878824606906
辛亥,2026-02-03,3736,3758.539101023655
辛亥,2026-02-04,3816,3762.737693376575
辛亥,2026-02-05,3949,3786.755136621183
辛亥,2026-02-06,4052,3996.420443435389
辛亥,2026-02-07,2770,2937.555954819474
辛亥,2026-02-08,2397,2300.886091389368
辛亥,2026-02-09,3660,3600.847642878341
辛亥,2026-02-10,3761,3730.6963917890057
辛亥,2026-02-11,3811,3781.984132249428
辛亥,2026-02-12,3976,3796.643299872144
辛亥,2026-02-13,3696,4013.351848924666
辛亥,2026-02-14,2324,2778.442102385131
辛亥,2026-02-15,1879,2157.311285916965
辛亥,2026-02-16,1540,1309.4048777408057
辛亥,2026-02-17,1502,1646.456555289922
辛亥,2026-02-18,1727,1604.01302805745
辛亥,2026-02-19,1894,1719.6307404831264
辛亥,2026-02-20,1972,2582.0500892870505
辛亥,2026-02-21,2456,2611.71165000354
辛亥,2026-02-22,2192,2208.8689325403984
辛亥,2026-02-23,3539,3560.233748456178
辛亥,2026-02-24,3684,3684.8829562298474
辛亥,2026-02-25,3826,3771.849755785371
辛亥,2026-02-26,3930,3840.4889208704512
辛亥,2026-02-27,2603,2495.630061954622
辛亥,2026-02-28,2621,2851.994963090812
辛亥,2026-03-01,2255,2224.205173419104
辛亥,2026-03-02,3749,3581.4754202261825
辛亥,2026-03-03,3891,3763.562727169803
辛亥,2026-03-04,3944,3845.238721377296
辛亥,2026-03-05,3848,3884.04758377783
辛亥,2026-03-06,3938,3876.071989501036
辛亥,2026-03-07,2973,2806.386417671258
辛亥,2026-03-08,2306,2371.4779216663346
辛亥,2026-03-09,3903,3589.9364213904864
辛亥,2026-03-10,3863,3837.327844287151
辛亥,2026-03-11,4123,3831.6987851555846
辛亥,2026-03-12,3863,3956.852010591071
辛亥,2026-03-13,4235,3874.381532658758
辛亥,2026-03-14,3057,2939.439965103108
辛亥,2026-03-15,2496,2377.3559894720493
辛亥,2026-03-16,3895,3692.272960034079
辛亥,2026-03-17,4065,3823.71006619007
辛亥,2026-03-18,4230,3941.6245937051694
辛亥,2026-03-19,3919,3975.603127140053
辛亥,2026-03-20,4116,3923.9918511644983
辛亥,2026-03-21,3453,2900.329736767961
辛亥,2026-03-22,2713,2554.454686508532
辛亥,2026-03-23,3823,3767.954020735371
辛亥,2026-03-24,3861,3806.317246918688
辛亥,2026-03-25,3953,3894.865205265639
辛亥,2026-03-26,3886,3873.280191627708
辛亥,2026-03-27,4004,3947.850898280504
辛亥,2026-03-28,2914,2904.5410280812102
辛亥,2026-03-29,2257,2362.9006278973084
辛亥,2026-03-30,3642,3630.32667466088
辛亥,2026-03-31,3745,3766.95595210179
辛亥,2026-04-01,3796,3863.9885447844654
辛亥,2026-04-02,3821,3818.464671290964
辛亥,2026-04-03,2380,2524.5879144166397
辛亥,2026-04-04,2280,2827.956988881041
辛亥,2026-04-05,2351,2116.833209221645
辛亥,2026-04-06,1884,2299.01963838561
辛亥,2026-04-07,3583,3613.349582918383
辛亥,2026-04-08,4145,3821.6890763227234
辛亥,2026-04-09,4175,3964.4963939874906
辛亥,2026-04-10,4324,4040.111521025543
辛亥,2026-04-11,2966,2969.7053645760825
辛亥,2026-04-12,2445,2375.216517834292
辛亥,2026-04-13,3693,3669.777747940149
辛亥,2026-04-14,3739,3769.109342236371
辛亥,2026-04-15,3841,3882.921056146354
辛亥,2026-04-16,3774,3856.009708548558
辛亥,2026-04-17,3937,3927.961840114535
辛亥,2026-04-18,2856,2836.8439290122424
辛亥,2026-04-19,2369,2362.744675321006
辛亥,2026-04-20,3673,3642.663078014176
辛亥,2026-04-21,3753,3763.1662234413934
辛亥,2026-04-22,3765,3887.37433123371
辛亥,2026-04-23,3656,3818.6653502486142
辛亥,2026-04-24,3899,3889.305301166123
辛亥,2026-04-25,2892,2830.9729122030267
辛亥,2026-04-26,2547,2379.4516222102784
辛亥,2026-04-27,3555,3713.521670070872
辛亥,2026-04-28,3871,3702.600312698493
辛亥,2026-04-29,3759,3934.175996952804
辛亥,2026-04-30,3936,3790.7226310612496
辛亥,2026-05-01,2602,2590.386194328552
辛亥,2026-05-02,2693,2862.0855041128207
辛亥,2026-05-03,2264,2310.368243197926
辛亥,2026-05-04,3630,3602.364152961287
辛亥,2026-05-05,3750,3765.17894904162
辛亥,2026-05-06,3929,3860.949807718281
辛亥,2026-05-07,3906,3880.735016431239
辛亥,2026-05-08,3998,3978.914495849152
辛亥,2026-05-09,2819,2845.2561720320846
辛亥,2026-05-10,2207,2357.903914187402
辛亥,2026-05-11,3734,3571.8323072158983
辛亥,2026-05-12,3782,3812.179533177091
辛亥,2026-05-13,3771,3869.953010585812
辛亥,2026-05-14,3772,3820.210520169124
辛亥,2026-05-15,4122,3938.991201400098
辛亥,2026-05-16,3138,2898.9102519188064
辛亥,2026-05-17,2498,2460.832095758713
辛亥,2026-05-18,3709,3680.8784448401616
辛亥,2026-05-19,3717,3782.104542725072
辛亥,2026-05-20,3730,3840.744604926268
辛亥,2026-05-21,3777,3803.594765542217
辛亥,2026-05-22,3923,3959.6001405331513
辛亥,2026-05-23,3020,2839.878424522127
辛亥,2026-05-24,2518,2430.8740106367413
辛亥,2026-05-25,3600,3698.275213259637
辛亥,2026-05-26,3665,3730.1882912136616
辛亥,2026-05-27,3787,3818.041129436671
辛亥,2026-05-28,3790,3825.893030690848
辛亥,2026-05-29,3913,3958.099723129936
辛亥,2026-05-30,3134,2853.229804872464
辛亥,2026-05-31,2255,2484.983629999136
迴龍,2026-01-01,5868,6625.826695397695
迴龍,2026-01-02,12315,12234.44407610656
迴龍,2026-01-03,7990,8221.753333180075
迴龍,2026-01-04,6635,6641.974816975649
迴龍,2026-01-05,12308,11683.695798683048
迴龍,2026-01-06,12403,12411.273424803498
迴龍,2026-01-07,12444,12174.46253724316
迴龍,2026-01-08,12490,12172.057992212402
迴龍,2026-01-09,13215,12928.2597769013
迴龍,2026-01-10,9138,8797.48322789767
迴龍,2026-01-11,7250,7275.417362360748
迴龍,2026-01-12,12131,12129.597670576575
迴龍,2026-01-13,12443,12344.923862133526
迴龍,2026-01-14,12527,12375.85004019734
迴龍,2026-01-15,12377,12397.633178806347
迴龍,2026-01-16,13184,12935.36293025733
迴龍,2026-01-17,9303,8886.544846804409
迴龍,2026-01-18,7585,7340.265247373773
迴龍,2026-01-19,11439,12199.89891109216
迴龍,2026-01-20,11797,12071.405762031443
迴龍,2026-01-21,11424,12035.247149656
迴龍,2026-01-22,11462,11787.413556944752
迴龍,2026-01-23,12127,12402.9872571934
迴龍,2026-01-24,8975,8333.18052528336
迴龍,2026-01-25,7599,7116.093887777428
迴龍,2026-01-26,11213,11973.08833574718
迴龍,2026-01-27,11323,11884.623419238698
迴龍,2026-01-28,11254,11643.432646340689
迴龍,2026-01-29,11687,11589.359122198322
迴龍,2026-01-30,11890,12382.793683302454
迴龍,2026-01-31,8728,8312.18138528677
迴龍,2026-02-01,6837,7051.181418610002
迴龍,2026-02-02,10570,11533.54079232814
迴龍,2026-02-03,11367,11425.510331285726
迴龍,2026-02-04,11663,11580.22470168949
迴龍,2026-02-05,11817,11828.2159416937
迴龍,2026-02-06,12049,12407.368246169375
迴龍,2026-02-07,8716,8397.574800612596
迴龍,2026-02-08,7344,6952.1808948950365
迴龍,2026-02-09,10842,11686.38739375436
迴龍,2026-02-10,11307,11668.10879015142
迴龍,2026-02-11,11298,11670.736380683034
迴龍,2026-02-12,11134,11653.94515795794
迴龍,2026-02-13,11083,12053.092682843831
迴龍,2026-02-14,7350,7874.381158089667
迴龍,2026-02-15,5781,6311.444972509693
迴龍,2026-02-16,4165,4947.996651433556
迴龍,2026-02-17,5180,5207.219762666591
迴龍,2026-02-18,5995,5503.469424324889
迴龍,2026-02-19,6666,5903.469549123691
迴龍,2026-02-20,6866,7275.511115746302
迴龍,2026-02-21,7846,8354.03658262006
迴龍,2026-02-22,6727,6516.609412519136
迴龍,2026-02-23,11389,11266.86263024346
迴龍,2026-02-24,11724,11834.73936060384
迴龍,2026-02-25,12110,11973.232210370668
迴龍,2026-02-26,12870,12195.739485591495
迴龍,2026-02-27,8248,7547.745942875235
迴龍,2026-02-28,8512,8991.782896816845
迴龍,2026-03-01,7076,7072.947390067588
迴龍,2026-03-02,12026,11673.690930129462
迴龍,2026-03-03,12084,12171.288805657292
迴龍,2026-03-04,11985,12184.244342689564
迴龍,2026-03-05,12910,12239.56375789062
迴龍,2026-03-06,13659,13090.85425705492
迴龍,2026-03-07,9812,9021.860255753463
迴龍,2026-03-08,7610,7666.169741626873
迴龍,2026-03-09,12491,12126.317833394962
迴龍,2026-03-10,12680,12463.06317330163
迴龍,2026-03-11,13301,12451.98534193523
迴龍,2026-03-12,12964,12952.437654132447
迴龍,2026-03-13,13763,13297.141464468905
迴龍,2026-03-14,9593,9345.03878685838
迴龍,2026-03-15,7787,7567.914365825603
迴龍,2026-03-16,12628,12220.373406265331
迴龍,2026-03-17,13005,12598.928297754035
迴龍,2026-03-18,13199,12815.7135549865
迴龍,2026-03-19,12854,12837.438803644463
迴龍,2026-03-20,13608,13252.642536370236
迴龍,2026-03-21,9478,9222.473166384729
迴龍,2026-03-22,8057,7549.798297192619
迴龍,2026-03-23,12597,12358.913925037225
迴龍,2026-03-24,12938,12665.83391548706
迴龍,2026-03-25,12872,12758.106962447757
迴龍,2026-03-26,12929,12665.08302740777
迴龍,2026-03-27,13591,13251.927202742518
迴龍,2026-03-28,9104,9220.16348405571
迴龍,2026-03-29,7300,7453.459413220793
迴龍,2026-03-30,12507,11960.007077935132
迴龍,2026-03-31,12685,12541.70814859345
迴龍,2026-04-01,12938,12570.86805748668
迴龍,2026-04-02,12960,12714.84018781278
迴龍,2026-04-03,7655,7973.091627487533
迴龍,2026-04-04,6683,8866.448784279919
迴龍,2026-04-05,7191,6174.160923006224
迴龍,2026-04-06,5994,6429.123464222981
迴龍,2026-04-07,11978,11906.1511151045
迴龍,2026-04-08,12736,12164.167619092555
迴龍,2026-04-09,13065,12540.679194467531
迴龍,2026-04-10,13653,13165.173680226744
迴龍,2026-04-11,9429,8743.19399802223
迴龍,2026-04-12,7514,7726.366578791643
迴龍,2026-04-13,12485,11994.194928661143
迴龍,2026-04-14,12773,12532.18959803231
迴龍,2026-04-15,12832,12730.92410127527
迴龍,2026-04-16,12737,12761.213665732836
迴龍,2026-04-17,13290,13179.745376535662
迴龍,2026-04-18,9052,8981.793071752847
迴龍,2026-04-19,7587,7335.575876370831
迴龍,2026-04-20,12371,12128.5932249634
迴龍,2026-04-21,12611,12513.350784934692
迴龍,2026-04-22,12821,12581.660266988682
迴龍,2026-04-23,12605,12657.580291718828
迴龍,2026-04-24,13207,13078.15111508566
迴龍,2026-04-25,8782,8901.946884971727
迴龍,2026-04-26,7636,7258.318648298464
迴龍,2026-04-27,12602,12115.632514542369
迴龍,2026-04-28,12887,12604.774379137403
迴龍,2026-04-29,12859,12753.411067582718
迴龍,2026-04-30,13042,12686.370737311736
迴龍,2026-05-01,8275,7988.116075154727
迴龍,2026-05-02,8199,9076.919689578524
迴龍,2026-05-03,7066,7081.620899405112
迴龍,2026-05-04,12404,11865.492682257176
迴龍,2026-05-05,12467,12488.2709761116
迴龍,2026-05-06,12949,12512.76522423019
迴龍,2026-05-07,12948,12759.183372284995
迴龍,2026-05-08,13334,13286.181432964544
迴龍,2026-05-09,8792,8785.474792672201
迴龍,2026-05-10,7182,7270.704441818854
迴龍,2026-05-11,12534,12011.990044933773
迴龍,2026-05-12,12690,12525.830119945023
迴龍,2026-05-13,12538,12703.480682513597
迴龍,2026-05-14,12360,12588.453235825176
迴龍,2026-05-15,13826,12949.369050083333
迴龍,2026-05-16,9645,9066.719117520592
迴龍,2026-05-17,8038,7672.407899389214
迴龍,2026-05-18,12366,12522.168570109505
迴龍,2026-05-19,12670,12580.877672334796
迴龍,2026-05-20,12811,12604.46756417378
迴龍,2026-05-21,12808,12633.507938758188
迴龍,2026-05-22,13371,13350.874719477068
迴龍,2026-05-23,9922,9044.908139432642
迴龍,2026-05-24,7902,7852.500686562689
迴龍,2026-05-25,12105,12364.474281182653
迴龍,2026-05-26,12674,12447.834311776747
迴龍,2026-05-27,12765,12633.573933165992
迴龍,2026-05-28,12881,12667.82498297387
迴龍,2026-05-29,13200,13265.524893813856
迴龍,2026-05-30,9318,9081.034925087784
迴龍,2026-05-31,7118,7522.770630832088
關渡,2026-01-01,6464,7960.080517175394
關渡,2026-01-02,12499,13964.221288526507
關渡,2026-01-03,8397,7676.980905482836
關渡,2026-01-04,7687,6723.248264705243
關渡,2026-01-05,14743,14043.950917776776
關渡,2026-01-06,14737,14780.89886526339
關渡,2026-01-07,14691,14801.975493901766
關渡,2026-01-08,14845,14043.617408851796
關渡,2026-01-09,15006,14527.61126254022
關渡,2026-01-10,9088,9129.05071036862
關渡,2026-01-11,7454,7608.5496272642895
關渡,2026-01-12,12913,14202.34891742816
關渡,2026-01-13,13516,14082.670481739317
關渡,2026-01-14,13433,14152.221491647244
關渡,2026-01-15,13676,13706.14267559262
關渡,2026-01-16,14191,14115.310783330771
關渡,2026-01-17,9716,8497.411772079438
關渡,2026-01-18,8395,7487.451869343385
關渡,2026-01-19,13297,14193.36542584138
關渡,2026-01-20,13026,14233.528629544557
關渡,2026-01-21,12930,13949.935229298248
關渡,2026-01-22,12713,13423.92649259556
關渡,2026-01-23,12735,13670.108440135971
關渡,2026-01-24,8687,8042.830363186519
關渡,2026-01-25,8568,7037.093678088892
關渡,2026-01-26,13409,13980.272934038454
關渡,2026-01-27,12816,14036.42190712402
關渡,2026-01-28,13081,13749.546814031955
關渡,2026-01-29,13632,13300.349760045065
關渡,2026-01-30,13656,13815.259378038314
關渡,2026-01-31,8263,8490.702711819169
關渡,2026-02-01,6243,7252.099325879489
關渡,2026-02-02,12535,13149.44924784768
關渡,2026-02-03,13416,13313.837581356149
關渡,2026-02-04,14003,13734.534631111364
關渡,2026-02-05,13759,13780.418100294695
關渡,2026-02-06,13678,14060.981734004445
關渡,2026-02-07,7977,8419.041940533145
關渡,2026-02-08,6659,6777.076148387948
關渡,2026-02-09,12782,13235.958408765968
關渡,2026-02-10,13598,13636.09602943086
關渡,2026-02-11,12994,14003.10180091082
關渡,2026-02-12,13169,13424.04210387226
關渡,2026-02-13,12618,13683.38701481729
關渡,2026-02-14,7675,7831.861520395821
關渡,2026-02-15,6620,6543.577193433429
關渡,2026-02-16,4422,12516.879275802945
關渡,2026-02-17,17474,10167.365150586178
關渡,2026-02-18,13354,13757.802808589437
關渡,2026-02-19,16115,13337.92497641205
關渡,2026-02-20,14321,8838.470251787709
關渡,2026-02-21,13261,11288.696107929314
關渡,2026-02-22,10050,9899.557131426642
關渡,2026-02-23,14756,14042.368277006051
關渡,2026-02-24,14940,16695.19105246021
關渡,2026-02-25,14912,14902.631747391257
關渡,2026-02-26,15692,15055.649802081549
關渡,2026-02-27,8807,9895.447664727377
關渡,2026-02-28,9107,9631.632290147776
關渡,2026-03-01,7305,7637.5251276344
關渡,2026-03-02,14842,13297.175389487104
關渡,2026-03-03,14960,14831.406393373083
關渡,2026-03-04,15262,14733.74203619043
關渡,2026-03-05,15181,14899.97918342396
關渡,2026-03-06,15763,15060.617967878508
關渡,2026-03-07,9157,9518.712445409656
關渡,2026-03-08,7742,7652.722996548598
關渡,2026-03-09,14826,13858.711609443477
關渡,2026-03-10,14923,15004.364610748044
關渡,2026-03-11,15808,14858.580986096147
關渡,2026-03-12,15540,15037.0723715283
關渡,2026-03-13,16584,15443.081376141228
關渡,2026-03-14,10082,9851.4624225841
關渡,2026-03-15,8434,8184.40554292541
關渡,2026-03-16,14987,14307.379203341414
關渡,2026-03-17,15576,15203.001437807376
關渡,2026-03-18,15815,15305.841063912969
關渡,2026-03-19,15230,15206.977101731942
關渡,2026-03-20,16021,15524.213603859678
關渡,2026-03-21,10311,9713.089897792022
關渡,2026-03-22,8963,8226.898928683597
關渡,2026-03-23,14544,14495.56578801462
關渡,2026-03-24,15403,15195.84758408839
關渡,2026-03-25,15178,15189.567107081435
關渡,2026-03-26,15254,14876.248826617695
關渡,2026-03-27,15111,15386.425604474429
關渡,2026-03-28,9361,9445.68649345743
關渡,2026-03-29,7848,7860.435990367941
關渡,2026-03-30,14947,13818.366638818554
關渡,2026-03-31,15125,15124.286442697115
關渡,2026-04-01,15115,14981.950828321722
關渡,2026-04-02,15876,14868.552482582223
關渡,2026-04-03,7515,9273.097801079752
關渡,2026-04-04,6198,8912.657737427384
關渡,2026-04-05,7124,6447.309406720667
關渡,2026-04-06,6153,7089.005812195418
關渡,2026-04-07,14341,13859.404530421272
關渡,2026-04-08,15003,14254.319669661383
關渡,2026-04-09,15426,14705.83492951412
關渡,2026-04-10,15993,14841.942957082809
關渡,2026-04-11,9738,9106.840792585666
關渡,2026-04-12,7873,8135.524016640827
關渡,2026-04-13,14755,13800.558041687638
關渡,2026-04-14,15301,15152.039098532352
關渡,2026-04-15,15280,15182.193964131997
關渡,2026-04-16,14967,15119.924677579978
關渡,2026-04-17,16321,15260.384333986558
關渡,2026-04-18,10436,9664.235434495457
關渡,2026-04-19,8136,8298.349075430298
關渡,2026-04-20,14780,14286.70028274048
關渡,2026-04-21,15374,15209.766180499117
關渡,2026-04-22,15482,15169.287520323289
關渡,2026-04-23,14803,15081.621975105809
關渡,2026-04-24,14913,15342.1344212746
關渡,2026-04-25,8749,9267.029141104447
關渡,2026-04-26,9392,7474.746063668751
關渡,2026-04-27,14586,14444.010679847828
關渡,2026-04-28,15337,15204.292747455043
關渡,2026-04-29,15013,15188.605626988425
關渡,2026-04-30,15574,14851.03234324477
關渡,2026-05-01,9640,9152.346090891831
關渡,2026-05-02,9239,9480.16417585696
關渡,2026-05-03,7621,8209.45123007075
關渡,2026-05-04,14827,13875.54324445042
關渡,2026-05-05,14987,15101.262441586725
關渡,2026-05-06,16002,14945.935262452193
關渡,2026-05-07,15565,15327.32632957332
關渡,2026-05-08,15744,15566.620049724595
關渡,2026-05-09,9761,9491.529912352758
關渡,2026-05-10,7287,8064.950135246564
關渡,2026-05-11,14887,13987.76580896482
關渡,2026-05-12,15511,15063.009090446552
關渡,2026-05-13,14855,15363.442870265424
關渡,2026-05-14,14286,14946.804215932989
關渡,2026-05-15,15618,14952.831323739303
關渡,2026-05-16,10966,9313.461499925688
關渡,2026-05-17,8943,8287.929451589287
關渡,2026-05-18,14750,14781.87245170934
關渡,2026-05-19,15390,15383.908483002064
關渡,2026-05-20,15671,15177.835790211731
關渡,2026-05-21,15033,15087.613474172
關渡,2026-05-22,15346,15445.000987201433
關渡,2026-05-23,9666,9660.34328361904
關渡,2026-05-24,7781,8057.006114906834
關渡,2026-05-25,14228,14058.159374691
關渡,2026-05-26,15219,14922.87461109498
關渡,2026-05-27,15157,15103.001201418483
關渡,2026-05-28,14795,14881.34145035261
關渡,2026-05-29,15238,15156.638845826592
關渡,2026-05-30,9258,9354.424299305152
關渡,2026-05-31,7766,7749.961716449671
雙連,2026-01-01,15131,16067.611768531557
雙連,2026-01-02,23280,24424.303905269306
雙連,2026-01-03,18787,19886.83891256912
雙連,2026-01-04,13478,14282.33371694632
雙連,2026-01-05,22041,21622.92622992537
雙連,2026-01-06,22856,22648.989536836743
雙連,2026-01-07,22770,22921.01500072252
雙連,2026-01-08,23075,22766.58442448923
雙連,2026-01-09,24714,24403.69870285347
雙連,2026-01-10,19917,20272.822500141025
雙連,2026-01-11,15266,14724.696162376862
雙連,2026-01-12,22272,22461.298002011667
雙連,2026-01-13,23189,22994.30300160196
雙連,2026-01-14,24210,23123.11359954006
雙連,2026-01-15,24147,23377.497902799627
雙連,2026-01-16,25713,24999.788271486897
雙連,2026-01-17,19391,20744.137819347183
雙連,2026-01-18,14587,14791.305698031952
雙連,2026-01-19,22077,22194.91020831183
雙連,2026-01-20,23161,22878.496518626143
雙連,2026-01-21,22129,23223.481681134013
雙連,2026-01-22,22566,22757.318423140678
雙連,2026-01-23,24046,24328.065128698585
雙連,2026-01-24,19412,19741.207171456317
雙連,2026-01-25,15067,14506.636454849024
雙連,2026-01-26,22743,22262.98345551571
雙連,2026-01-27,23057,23170.81551854378
雙連,2026-01-28,23366,23106.090318171697
雙連,2026-01-29,22962,23161.02620008425
雙連,2026-01-30,24749,24557.00026285597
雙連,2026-01-31,19749,20031.09491918443
雙連,2026-02-01,14255,14806.444681075962
雙連,2026-02-02,22285,22124.655735238928
雙連,2026-02-03,24181,22930.54466637029
雙連,2026-02-04,24067,23463.135730446236
雙連,2026-02-05,24314,23472.706635443126
雙連,2026-02-06,25563,25154.99137894197
雙連,2026-02-07,21148,20452.23566144621
雙連,2026-02-08,16235,15347.50850475358
雙連,2026-02-09,23374,23017.587992197703
雙連,2026-02-10,24176,23757.972117628797
雙連,2026-02-11,24010,23751.99806047267
雙連,2026-02-12,23954,23639.157125607748
雙連,2026-02-13,23908,25103.286937141103
雙連,2026-02-14,18069,19953.99254357435
雙連,2026-02-15,12442,14236.453783747318
雙連,2026-02-16,6914,8892.942745679524
雙連,2026-02-17,10823,9429.92045242614
雙連,2026-02-18,10541,10400.2378499299
雙連,2026-02-19,12775,10570.857281806206
雙連,2026-02-20,15639,17986.528392277163
雙連,2026-02-21,15986,19393.741806811435
雙連,2026-02-22,12686,13173.899180237982
雙連,2026-02-23,21362,20923.417102449424
雙連,2026-02-24,21869,22724.15238814245
雙連,2026-02-25,22748,22608.56576977761
雙連,2026-02-26,23383,23177.33765927113
雙連,2026-02-27,17249,16961.97826631654
雙連,2026-02-28,17687,19250.300664589275
雙連,2026-03-01,13471,13801.259539416053
雙連,2026-03-02,22059,21484.91821468649
雙連,2026-03-03,22158,22985.40334033452
雙連,2026-03-04,22444,22850.74779552625
雙連,2026-03-05,22951,23158.372157576152
雙連,2026-03-06,24475,24053.81434488414
雙連,2026-03-07,20648,19014.327225085814
雙連,2026-03-08,14759,14755.441829624946
雙連,2026-03-09,22301,22320.05191015911
雙連,2026-03-10,22500,23197.63338182321
雙連,2026-03-11,23649,23011.75801025525
雙連,2026-03-12,23180,23608.26156271337
雙連,2026-03-13,24847,24342.77701401577
雙連,2026-03-14,20889,19457.438830581486
雙連,2026-03-15,15531,14904.315698634837
雙連,2026-03-16,22172,22623.026765297745
雙連,2026-03-17,22724,23159.32958070189
雙連,2026-03-18,23078,23198.668819000657
雙連,2026-03-19,22589,23384.18852249406
雙連,2026-03-20,25548,24157.18740580656
雙連,2026-03-21,22750,19806.958215183626
雙連,2026-03-22,15053,15678.063976306094
雙連,2026-03-23,22206,22614.32739503344
雙連,2026-03-24,22524,23131.76908118654
雙連,2026-03-25,23176,23118.17631167812
雙連,2026-03-26,22832,23289.238194147874
雙連,2026-03-27,24005,24438.151779285785
雙連,2026-03-28,19835,19715.34595002916
雙連,2026-03-29,14242,14432.392761586052
雙連,2026-03-30,22595,21916.096737375825
雙連,2026-03-31,22890,22976.53349188159
雙連,2026-04-01,22825,23228.986567143755
雙連,2026-04-02,24226,23142.82358101406
雙連,2026-04-03,16122,17622.3136642782
雙連,2026-04-04,14806,19618.384993363856
雙連,2026-04-05,14317,12665.22265173238
雙連,2026-04-06,12616,14293.073875770806
雙連,2026-04-07,21988,21849.55474973221
雙連,2026-04-08,22779,22507.474417429046
雙連,2026-04-09,22849,23072.47069661848
雙連,2026-04-10,24982,24063.11272995318
雙連,2026-04-11,21219,19331.88107139808
雙連,2026-04-12,14682,15213.63737145618
雙連,2026-04-13,22198,22103.886847715527
雙連,2026-04-14,22289,22958.86803873906
雙連,2026-04-15,22480,22998.176071778256
雙連,2026-04-16,22288,23074.3189919469
雙連,2026-04-17,24019,24025.67365854975
雙連,2026-04-18,20236,19248.013932271668
雙連,2026-04-19,14783,14668.845757766543
雙連,2026-04-20,21714,22017.6834418362
雙連,2026-04-21,22458,22662.510683449455
雙連,2026-04-22,23066,22916.676088220527
雙連,2026-04-23,22500,23162.30469187033
雙連,2026-04-24,24579,24153.62182251068
雙連,2026-04-25,19450,19608.97058156636
雙連,2026-04-26,15657,14495.154280861623
雙連,2026-04-27,22685,22210.52749418973
雙連,2026-04-28,22986,23044.659019815303
雙連,2026-04-29,23301,23250.9177476904
雙連,2026-04-30,24290,23252.711225713607
雙連,2026-05-01,18301,17688.951634889487
雙連,2026-05-02,17906,20103.592544345614
雙連,2026-05-03,14648,14299.345408216614
雙連,2026-05-04,23387,21821.298238130657
雙連,2026-05-05,23192,23131.21360698894
雙連,2026-05-06,23292,23356.96873800081
雙連,2026-05-07,22845,23433.13076388185
雙連,2026-05-08,24233,24481.2626178609
雙連,2026-05-09,19360,19209.634429579623
雙連,2026-05-10,13730,14650.505982032775
雙連,2026-05-11,22202,21825.402001268496
雙連,2026-05-12,22615,22667.903429504997
雙連,2026-05-13,23667,23000.248681613597
雙連,2026-05-14,23030,23359.8863208021
雙連,2026-05-15,25932,24510.361970345213
雙連,2026-05-16,20988,19847.6736399876
雙連,2026-05-17,15918,15264.17577982416
雙連,2026-05-18,21884,22851.51428435616
雙連,2026-05-19,22284,22864.790049683503
雙連,2026-05-20,22967,23047.486269711277
雙連,2026-05-21,22825,23063.362513392585
雙連,2026-05-22,24079,24562.7170148223
雙連,2026-05-23,20832,19328.383239402825
雙連,2026-05-24,15292,15093.598363215588
雙連,2026-05-25,22375,22412.379629596937
雙連,2026-05-26,22746,22855.01946971086
雙連,2026-05-27,23301,23211.89694717638
雙連,2026-05-28,22751,23203.330700984967
雙連,2026-05-29,24026,24513.507316666142
雙連,2026-05-30,20572,19524.586837725838
雙連,2026-05-31,15098,15025.698007973237
頂埔,2026-01-01,5280,6322.88058074195
頂埔,2026-01-02,10662,11253.212551853288
頂埔,2026-01-03,6388,6903.17387740499
頂埔,2026-01-04,5930,5927.382196759192
頂埔,2026-01-05,11177,10781.11281770182
頂埔,2026-01-06,11461,11276.434949404837
頂埔,2026-01-07,11225,11327.44786061542
頂埔,2026-01-08,11353,11036.072925999448
頂埔,2026-01-09,12203,11755.755606105424
頂埔,2026-01-10,7101,7443.838521346852
頂埔,2026-01-11,6008,6194.294770779179
頂埔,2026-01-12,11169,10842.804997577116
頂埔,2026-01-13,11390,11289.5086075158
頂埔,2026-01-14,11220,11292.560058247747
頂埔,2026-01-15,11354,11068.612824286196
頂埔,2026-01-16,11923,11801.081540220115
頂埔,2026-01-17,7184,7304.162826834932
頂埔,2026-01-18,6139,6210.48047543573
頂埔,2026-01-19,11116,10922.914251492706
頂埔,2026-01-20,11710,11277.077575159135
頂埔,2026-01-21,11338,11410.470065962496
頂埔,2026-01-22,11277,11138.526290950798
頂埔,2026-01-23,11961,11780.60442631892
頂埔,2026-01-24,7216,7309.109416336249
頂埔,2026-01-25,6355,6216.432618991967
頂埔,2026-01-26,11077,11023.85893617053
頂埔,2026-01-27,11276,11301.656959865137
頂埔,2026-01-28,11096,11235.70617739816
頂埔,2026-01-29,11659,11059.782158088274
頂埔,2026-01-30,12078,11947.19181442436
頂埔,2026-01-31,7124,7343.448936022005
頂埔,2026-02-01,5868,6193.543916199957
頂埔,2026-02-02,11058,10839.980042157822
頂埔,2026-02-03,11971,11293.525112867928
頂埔,2026-02-04,11709,11492.244600565004
頂埔,2026-02-05,11800,11349.91709565825
頂埔,2026-02-06,12136,12009.825442702906
頂埔,2026-02-07,8794,7344.383092223246
頂埔,2026-02-08,6502,6809.320260355713
頂埔,2026-02-09,11527,11095.6063756166
頂埔,2026-02-10,12093,11536.458543314737
頂埔,2026-02-11,11760,11557.798904570194
頂埔,2026-02-12,11026,11409.988213521034
頂埔,2026-02-13,10260,11720.888028854337
頂埔,2026-02-14,6687,6761.431784731456
頂埔,2026-02-15,5781,5975.959676598406
頂埔,2026-02-16,4083,5338.851231635348
頂埔,2026-02-17,5151,5318.665289975106
頂埔,2026-02-18,5917,5510.410344430069
頂埔,2026-02-19,6091,5728.480284957572
頂埔,2026-02-20,5902,7187.966000235585
頂埔,2026-02-21,6504,6849.153089740255
頂埔,2026-02-22,6384,5885.663884669717
頂埔,2026-02-23,10991,10983.505389390431
頂埔,2026-02-24,11468,11362.023283941771
頂埔,2026-02-25,11528,11375.756058279168
頂埔,2026-02-26,12079,11321.755606860545
頂埔,2026-02-27,6878,7246.5289930611325
頂埔,2026-02-28,6843,7191.919470081992
頂埔,2026-03-01,5732,6059.208831650087
頂埔,2026-03-02,11340,10733.534634586038
頂埔,2026-03-03,11302,11512.474649661108
頂埔,2026-03-04,11320,11322.156619714033
頂埔,2026-03-05,11670,11313.507850934144
頂埔,2026-03-06,12045,11684.137054017092
頂埔,2026-03-07,7727,7372.329082261023
頂埔,2026-03-08,6438,6365.425744287795
頂埔,2026-03-09,11358,11059.731535931362
頂埔,2026-03-10,11452,11494.362571065729
頂埔,2026-03-11,11819,11379.561316077696
頂埔,2026-03-12,11880,11537.609304732485
頂埔,2026-03-13,12427,11798.198694540455
頂埔,2026-03-14,7944,7554.384142504528
頂埔,2026-03-15,6598,6455.189826752121
頂埔,2026-03-16,11260,11146.879492826574
頂埔,2026-03-17,11560,11451.98583247928
頂埔,2026-03-18,11521,11464.23216272252
頂埔,2026-03-19,11538,11452.844330357668
頂埔,2026-03-20,12183,11726.511762140368
頂埔,2026-03-21,7657,7498.060158937797
頂埔,2026-03-22,6751,6358.866489005326
頂埔,2026-03-23,11270,11217.891749066475
頂埔,2026-03-24,11629,11465.323319197129
頂埔,2026-03-25,11560,11494.861703973358
頂埔,2026-03-26,11545,11474.482796982336
頂埔,2026-03-27,11947,11770.526561440976
頂埔,2026-03-28,7157,7420.340328623011
頂埔,2026-03-29,6151,6203.543224927684
頂埔,2026-03-30,11409,10993.01151750862
頂埔,2026-03-31,11455,11538.455780383314
頂埔,2026-04-01,11299,11432.41893962567
頂埔,2026-04-02,11887,11380.858179331804
頂埔,2026-04-03,6315,7294.476591309565
頂埔,2026-04-04,5671,7001.917745596928
頂埔,2026-04-05,6221,5627.381233632386
頂埔,2026-04-06,5351,6443.801812763852
頂埔,2026-04-07,11233,10973.664008535789
頂埔,2026-04-08,11553,11342.753394846604
頂埔,2026-04-09,11740,11528.944041366469
頂埔,2026-04-10,12360,11767.016710078358
頂埔,2026-04-11,7552,7426.858815798876
頂埔,2026-04-12,6676,6404.723183317616
頂埔,2026-04-13,11321,11127.625473002156
頂埔,2026-04-14,11492,11517.468117316848
頂埔,2026-04-15,11622,11455.007976887522
頂埔,2026-04-16,11661,11572.613476659117
頂埔,2026-04-17,12095,11796.16407180388
頂埔,2026-04-18,7365,7341.21132936138
頂埔,2026-04-19,6417,6357.85311204243
頂埔,2026-04-20,11487,11050.682419621777
頂埔,2026-04-21,11661,11580.209986427002
頂埔,2026-04-22,11671,11534.71312646689
頂埔,2026-04-23,11513,11598.253660757686
頂埔,2026-04-24,11761,11765.03338541888
頂埔,2026-04-25,7200,7214.491708649442
頂埔,2026-04-26,6546,6300.750930647333
頂埔,2026-04-27,11497,11142.924673746567
頂埔,2026-04-28,11819,11591.046157873663
頂埔,2026-04-29,11548,11608.427920478554
頂埔,2026-04-30,11955,11541.019268156362
頂埔,2026-05-01,6902,7310.154532995726
頂埔,2026-05-02,6731,7119.60016728972
頂埔,2026-05-03,6327,6143.698090006741
頂埔,2026-05-04,11188,11093.446832020169
頂埔,2026-05-05,11492,11494.135066434288
頂埔,2026-05-06,11960,11477.329045979735
頂埔,2026-05-07,11867,11742.926156144937
頂埔,2026-05-08,12230,11859.897747481606
頂埔,2026-05-09,7325,7355.462636354867
頂埔,2026-05-10,6430,6386.184673061478
頂埔,2026-05-11,11712,11137.384156457989
頂埔,2026-05-12,11815,11695.790040470234
頂埔,2026-05-13,11483,11645.634934292462
頂埔,2026-05-14,11497,11566.268112593929
頂埔,2026-05-15,12501,11756.433937906755
頂埔,2026-05-16,7899,7461.407591934752
頂埔,2026-05-17,6753,6610.57665221123
頂埔,2026-05-18,11328,11313.649009836025
頂埔,2026-05-19,11636,11556.1897914501
頂埔,2026-05-20,11688,11561.506844097736
頂埔,2026-05-21,11688,11639.85426880588
頂埔,2026-05-22,12145,11899.2153010438
頂埔,2026-05-23,7785,7364.113114879508
頂埔,2026-05-24,6497,6582.216748349907
頂埔,2026-05-25,11432,11214.430851750849
頂埔,2026-05-26,11582,11605.443161236031
頂埔,2026-05-27,11592,11552.52387149116
頂埔,2026-05-28,11604,11607.835326462004
頂埔,2026-05-29,12227,11888.21490559194
頂埔,2026-05-30,7494,7435.273600648503
頂埔,2026-05-31,6447,6460.1219767112125
頂溪,2026-01-01,22351,24462.91988886708
頂溪,2026-01-02,34384,36210.96758675035
頂溪,2026-01-03,27557,29008.27264556947
頂溪,2026-01-04,23672,23732.320683961672
頂溪,2026-01-05,33281,32861.15396398711
頂溪,2026-01-06,33783,34498.417285236275
頂溪,2026-01-07,34370,34928.35373953107
頂溪,2026-01-08,34504,34219.834733891046
頂溪,2026-01-09,36575,35872.671756402284
頂溪,2026-01-10,29917,29189.491799118947
頂溪,2026-01-11,24179,24488.889134724133
頂溪,2026-01-12,32603,33543.41341848429
頂溪,2026-01-13,34383,34560.885778522235
頂溪,2026-01-14,34468,35027.56177497478
頂溪,2026-01-15,34305,34345.56744029519
頂溪,2026-01-16,36304,35983.269008831674
頂溪,2026-01-17,29961,29242.425183997508
頂溪,2026-01-18,24921,24417.21484419132
頂溪,2026-01-19,32730,33530.30364876277
頂溪,2026-01-20,34819,34613.16953281657
頂溪,2026-01-21,33829,35058.60834494942
頂溪,2026-01-22,33949,34300.937323627695
頂溪,2026-01-23,36613,35967.775925861686
頂溪,2026-01-24,29515,29417.60865055264
頂溪,2026-01-25,25383,24410.83147387208
頂溪,2026-01-26,32784,33390.38974130615
頂溪,2026-01-27,33427,34686.61583827156
頂溪,2026-01-28,33848,34521.799503310634
頂溪,2026-01-29,34501,34078.57070108273
頂溪,2026-01-30,35659,36137.18126162632
頂溪,2026-01-31,30135,29273.261759683413
頂溪,2026-02-01,23420,24646.66068508441
頂溪,2026-02-02,32787,32836.49540410697
頂溪,2026-02-03,33973,34223.56595984717
頂溪,2026-02-04,34626,34339.723422761424
頂溪,2026-02-05,35196,34311.45115808607
頂溪,2026-02-06,36329,36310.468139785655
頂溪,2026-02-07,30409,29722.61592041235
頂溪,2026-02-08,24956,24660.944896443656
頂溪,2026-02-09,33105,33260.64210123284
頂溪,2026-02-10,34873,34452.13851081608
頂溪,2026-02-11,34506,34748.08921555027
頂溪,2026-02-12,34651,34681.292659062135
頂溪,2026-02-13,35030,36279.85479685826
頂溪,2026-02-14,26268,29594.871869860308
頂溪,2026-02-15,20755,23610.08806241513
頂溪,2026-02-16,14945,15352.82264807279
頂溪,2026-02-17,18217,16925.83789310471
頂溪,2026-02-18,19682,17593.468716724525
頂溪,2026-02-19,20997,18253.81087452748
頂溪,2026-02-20,22010,25948.54316777847
頂溪,2026-02-21,24673,28764.00496560068
頂溪,2026-02-22,22346,22607.237351000316
頂溪,2026-02-23,32247,31726.180471628664
頂溪,2026-02-24,33580,33811.78792078215
頂溪,2026-02-25,35124,34278.7609645709
頂溪,2026-02-26,36199,34905.21678609304
頂溪,2026-02-27,28317,24752.920081330787
頂溪,2026-02-28,28059,29005.8616450728
頂溪,2026-03-01,22868,23831.251613584634
頂溪,2026-03-02,33648,32694.649556600183
頂溪,2026-03-03,34026,34610.054696941945
頂溪,2026-03-04,34369,35059.21046151571
頂溪,2026-03-05,35366,35392.1076615186
頂溪,2026-03-06,36917,35832.67314806459
頂溪,2026-03-07,30872,28180.767693745376
頂溪,2026-03-08,24959,23972.58264615523
頂溪,2026-03-09,33664,33537.098798381936
頂溪,2026-03-10,34765,34847.44529034365
頂溪,2026-03-11,35966,35315.03121810645
頂溪,2026-03-12,35499,35978.11773406748
頂溪,2026-03-13,37104,36511.81007226064
頂溪,2026-03-14,31419,28899.13571992884
頂溪,2026-03-15,25609,24373.957881640552
頂溪,2026-03-16,33324,33873.570420990894
頂溪,2026-03-17,34951,34892.513303110485
頂溪,2026-03-18,35440,35500.23382788653
頂溪,2026-03-19,34883,35816.70299277737
頂溪,2026-03-20,37607,36488.244030338894
頂溪,2026-03-21,31472,29496.994604592503
頂溪,2026-03-22,26192,24668.361134728988
頂溪,2026-03-23,33223,33908.16178382973
頂溪,2026-03-24,34652,34956.47901112672
頂溪,2026-03-25,34737,35478.9394958876
頂溪,2026-03-26,34912,35447.757289813526
頂溪,2026-03-27,36524,36634.04695326528
頂溪,2026-03-28,29885,29678.85978493625
頂溪,2026-03-29,23569,24500.930246353124
頂溪,2026-03-30,33255,32905.16960946887
頂溪,2026-03-31,34391,34431.94482850742
頂溪,2026-04-01,34462,35014.7477889913
頂溪,2026-04-02,36089,35074.354761105846
頂溪,2026-04-03,26417,26138.55752695761
頂溪,2026-04-04,22812,29969.955924936
頂溪,2026-04-05,22934,22940.938661645927
頂溪,2026-04-06,20727,21373.525694617027
頂溪,2026-04-07,33301,33478.573175165504
頂溪,2026-04-08,34960,34123.27945661018
頂溪,2026-04-09,34612,34936.81953700876
頂溪,2026-04-10,36376,36326.78801099664
頂溪,2026-04-11,30095,28170.827174288806
頂溪,2026-04-12,24317,24248.42264436297
頂溪,2026-04-13,33008,32950.80358677088
頂溪,2026-04-14,33957,34387.1641220791
頂溪,2026-04-15,34308,34935.00586883606
頂溪,2026-04-16,33977,35143.69334768649
頂溪,2026-04-17,36430,36338.16625582612
頂溪,2026-04-18,30100,28289.758891758105
頂溪,2026-04-19,24921,24268.006381059065
頂溪,2026-04-20,32545,33071.834657995096
頂溪,2026-04-21,33935,34272.1465364752
頂溪,2026-04-22,34396,34826.114036607854
頂溪,2026-04-23,33900,34913.92667636585
頂溪,2026-04-24,36509,36345.14838986825
頂溪,2026-04-25,29425,28730.05666260221
頂溪,2026-04-26,26221,24255.449474006717
頂溪,2026-04-27,33558,33177.24882656383
頂溪,2026-04-28,34633,34525.70379848205
頂溪,2026-04-29,34695,35057.11938104468
頂溪,2026-04-30,36583,34930.60224110198
頂溪,2026-05-01,29337,26467.214841807578
頂溪,2026-05-02,28078,30082.601223109104
頂溪,2026-05-03,23108,25010.823072582523
頂溪,2026-05-04,33527,32752.462010711723
頂溪,2026-05-05,34851,34260.78361080579
頂溪,2026-05-06,35673,34867.24041239089
頂溪,2026-05-07,34934,35367.61873795404
頂溪,2026-05-08,36794,37390.40503735892
頂溪,2026-05-09,29315,28875.93942698977
頂溪,2026-05-10,23638,24512.40844275837
頂溪,2026-05-11,33040,32918.77313435583
頂溪,2026-05-12,34416,34274.49188890883
頂溪,2026-05-13,34176,34857.28763621826
頂溪,2026-05-14,34003,34934.923764513886
頂溪,2026-05-15,36843,36947.62378241556
頂溪,2026-05-16,30700,28656.994035781237
頂溪,2026-05-17,25787,24444.440313490773
頂溪,2026-05-18,32952,33532.42826764661
頂溪,2026-05-19,33923,34618.02007502697
頂溪,2026-05-20,34398,34813.36971109693
頂溪,2026-05-21,34033,34817.384606823565
頂溪,2026-05-22,36107,36952.69264106958
頂溪,2026-05-23,30520,28938.575600918284
頂溪,2026-05-24,24511,24562.406955770395
頂溪,2026-05-25,32882,33083.92650915743
頂溪,2026-05-26,33875,34283.386293279684
頂溪,2026-05-27,34261,34582.603327829536
頂溪,2026-05-28,33962,34534.00248975878
頂溪,2026-05-29,36666,36716.23827235481
頂溪,2026-05-30,29860,29398.026537644106
頂溪,2026-05-31,23962,24504.60300493851
頭前庄,2026-01-01,3021,3428.9398935404733
頭前庄,2026-01-02,5905,6040.699851188471
頭前庄,2026-01-03,3826,4004.8646138157474
頭前庄,2026-01-04,3100,3173.9925258749827
頭前庄,2026-01-05,5755,5756.898692263069
頭前庄,2026-01-06,5864,6014.239439960826
頭前庄,2026-01-07,5974,6024.024966831041
頭前庄,2026-01-08,6036,5880.528698647327
頭前庄,2026-01-09,6367,6254.895968947199
頭前庄,2026-01-10,4145,4211.508810626474
頭前庄,2026-01-11,3398,3313.457611374857
頭前庄,2026-01-12,5557,5901.366102184016
頭前庄,2026-01-13,5786,5889.071655344726
頭前庄,2026-01-14,5836,5982.597501027821
頭前庄,2026-01-15,5779,5854.124698585101
頭前庄,2026-01-16,6244,6153.34849122843
頭前庄,2026-01-17,4409,4143.7444994938405
頭前庄,2026-01-18,3264,3459.4321744081053
頭前庄,2026-01-19,5683,5773.79027461476
頭前庄,2026-01-20,6083,5935.48392588675
頭前庄,2026-01-21,5741,6103.11174538301
頭前庄,2026-01-22,5990,5791.121791555212
頭前庄,2026-01-23,6139,6269.414288721599
頭前庄,2026-01-24,4303,4144.540966025896
頭前庄,2026-01-25,3509,3368.677044837173
頭前庄,2026-01-26,5504,5886.696056714151
頭前庄,2026-01-27,5648,5879.682866460364
頭前庄,2026-01-28,5712,5827.57868065701
頭前庄,2026-01-29,5711,5813.512638910209
頭前庄,2026-01-30,6092,6106.064927791451
頭前庄,2026-01-31,4372,4141.39258629728
頭前庄,2026-02-01,3135,3433.804010466356
頭前庄,2026-02-02,5516,5637.0209565302885
頭前庄,2026-02-03,5601,5836.701684138832
頭前庄,2026-02-04,5627,5794.539449708231
頭前庄,2026-02-05,5836,5746.929668111504
頭前庄,2026-02-06,5890,6167.973570162671
頭前庄,2026-02-07,4613,4080.655889166543
頭前庄,2026-02-08,3380,3491.519433121359
頭前庄,2026-02-09,5398,5747.358970237841
頭前庄,2026-02-10,5610,5743.76477491906
頭前庄,2026-02-11,5635,5771.450596625418
頭前庄,2026-02-12,5673,5770.158904146206
頭前庄,2026-02-13,5658,6037.78717424414
頭前庄,2026-02-14,3339,4057.2901514876894
頭前庄,2026-02-15,2436,2856.318048064739
頭前庄,2026-02-16,1696,2061.083838822445
頭前庄,2026-02-17,2689,2297.7469408164493
頭前庄,2026-02-18,2655,2706.3330340005573
頭前庄,2026-02-19,3015,2679.514891551636
頭前庄,2026-02-20,3399,3699.085141465285
頭前庄,2026-02-21,3647,4040.002089224745
頭前庄,2026-02-22,3236,2934.486230285453
頭前庄,2026-02-23,5542,5555.588839713534
頭前庄,2026-02-24,5920,5872.4863525836845
頭前庄,2026-02-25,6216,5898.614991374088
頭前庄,2026-02-26,6324,6099.679351172056
頭前庄,2026-02-27,4087,3731.196195104376
頭前庄,2026-02-28,4165,4325.754378837346
頭前庄,2026-03-01,3469,3259.3651631121948
頭前庄,2026-03-02,5946,5681.002912867887
頭前庄,2026-03-03,5911,6068.083714169866
頭前庄,2026-03-04,5984,5956.364550212578
頭前庄,2026-03-05,6323,6017.520243039787
頭前庄,2026-03-06,6601,6327.294719343941
頭前庄,2026-03-07,4613,4304.60860227997
頭前庄,2026-03-08,3573,3508.11348208215
頭前庄,2026-03-09,5838,5783.644803429911
頭前庄,2026-03-10,6086,5985.068883801731
頭前庄,2026-03-11,6236,6036.854335126031
頭前庄,2026-03-12,6197,6190.542950800536
頭前庄,2026-03-13,6345,6306.927195222539
頭前庄,2026-03-14,4692,4241.031976472958
頭前庄,2026-03-15,3504,3550.6944424011044
頭前庄,2026-03-16,6060,5752.307250799378
頭前庄,2026-03-17,6260,6116.464726991867
頭前庄,2026-03-18,6196,6158.419761186387
頭前庄,2026-03-19,6086,6163.526865819798
頭前庄,2026-03-20,6309,6250.821437761512
頭前庄,2026-03-21,4541,4296.732523178015
頭前庄,2026-03-22,3562,3465.9256899484308
頭前庄,2026-03-23,5899,5834.576457232833
頭前庄,2026-03-24,6185,6061.614779506897
頭前庄,2026-03-25,6189,6121.81194556103
頭前庄,2026-03-26,6235,6144.908073979014
頭前庄,2026-03-27,6122,6332.808504259824
頭前庄,2026-03-28,4340,4237.042040820244
頭前庄,2026-03-29,3201,3385.8207151634224
頭前庄,2026-03-30,5925,5659.64712629718
頭前庄,2026-03-31,6026,6090.764155016988
頭前庄,2026-04-01,5976,6055.239610606488
頭前庄,2026-04-02,5592,6058.969134584869
頭前庄,2026-04-03,3462,3454.269517353022
頭前庄,2026-04-04,2841,4177.784112361115
頭前庄,2026-04-05,3032,2615.8652115458253
頭前庄,2026-04-06,2813,3093.4664001943693
頭前庄,2026-04-07,5696,5786.113436881345
頭前庄,2026-04-08,6106,5874.40920239618
頭前庄,2026-04-09,6009,6032.226756155694
頭前庄,2026-04-10,6244,6189.08860898353
頭前庄,2026-04-11,4198,4057.090215234144
頭前庄,2026-04-12,3304,3362.2456860678312
頭前庄,2026-04-13,5850,5696.048961652309
頭前庄,2026-04-14,5975,6024.03060579759
頭前庄,2026-04-15,6025,6058.232838491433
頭前庄,2026-04-16,5838,6003.856693695285
頭前庄,2026-04-17,6152,6115.263470169213
頭前庄,2026-04-18,4081,4077.656049027806
頭前庄,2026-04-19,3482,3281.477605063763
頭前庄,2026-04-20,5782,5818.970229559584
頭前庄,2026-04-21,6019,5985.462304370522
頭前庄,2026-04-22,6163,6066.345149516824
頭前庄,2026-04-23,5872,6042.196288811403
頭前庄,2026-04-24,6273,6137.6561651537
頭前庄,2026-04-25,4104,4134.791705525806
頭前庄,2026-04-26,3657,3331.526897223558
頭前庄,2026-04-27,5893,5893.419516773219
頭前庄,2026-04-28,6262,6048.326162200932
頭前庄,2026-04-29,6161,6204.165097006728
頭前庄,2026-04-30,6210,6016.183211418223
頭前庄,2026-05-01,3880,3803.8189547274014
頭前庄,2026-05-02,3909,4193.966594683921
頭前庄,2026-05-03,3149,3290.782941715878
頭前庄,2026-05-04,5959,5645.149835708035
頭前庄,2026-05-05,6135,6116.411241077283
頭前庄,2026-05-06,6250,6131.5695839794935
頭前庄,2026-05-07,6172,6100.063087537305
頭前庄,2026-05-08,6244,6318.266996487282
頭前庄,2026-05-09,3864,4064.722771590157
頭前庄,2026-05-10,3078,3231.8148304233573
頭前庄,2026-05-11,5865,5668.041834618678
頭前庄,2026-05-12,6052,6067.034254072707
頭前庄,2026-05-13,5845,6113.547303501966
頭前庄,2026-05-14,6027,5909.335581819228
頭前庄,2026-05-15,6328,6229.278825937629
頭前庄,2026-05-16,4496,4076.761487579391
頭前庄,2026-05-17,3435,3516.615145941507
頭前庄,2026-05-18,5785,5872.325848938406
頭前庄,2026-05-19,5910,6026.17694260534
頭前庄,2026-05-20,6095,5990.818900536457
頭前庄,2026-05-21,6026,6050.031391523253
頭前庄,2026-05-22,6254,6250.353148668716
頭前庄,2026-05-23,4447,4124.187114178748
頭前庄,2026-05-24,3336,3482.100512657843
頭前庄,2026-05-25,5636,5801.309314545776
頭前庄,2026-05-26,5968,5931.931508353237
頭前庄,2026-05-27,5933,6045.602250697226
頭前庄,2026-05-28,6004,5963.08161878957
頭前庄,2026-05-29,6384,6236.560826005716
頭前庄,2026-05-30,4414,4234.514616924444
頭前庄,2026-05-31,3353,3442.386984572927
麟光,2026-01-01,3274,3827.895876925425
麟光,2026-01-02,4616,4490.959078945643
麟光,2026-01-03,3746,3957.283183219024
麟光,2026-01-04,3442,3218.9195917004167
麟光,2026-01-05,4457,4438.9619149496175
麟光,2026-01-06,4453,4522.522927374434
麟光,2026-01-07,4437,4521.096560978995
麟光,2026-01-08,4605,4375.561367158711
麟光,2026-01-09,4854,4805.599426477382
麟光,2026-01-10,4019,4057.890674382998
麟光,2026-01-11,3273,3396.454322615501
麟光,2026-01-12,4264,4333.755698632996
麟光,2026-01-13,4558,4409.911460066878
麟光,2026-01-14,4539,4548.875031198923
麟光,2026-01-15,4575,4544.600423160718
麟光,2026-01-16,5025,4785.602743957398
麟光,2026-01-17,4084,4156.6189128309
麟光,2026-01-18,3313,3379.988317757198
麟光,2026-01-19,4523,4332.557189418489
麟光,2026-01-20,4649,4562.781257421499
麟光,2026-01-21,4522,4602.428486396346
麟光,2026-01-22,4636,4528.031776441079
麟光,2026-01-23,4868,4849.218836734943
麟光,2026-01-24,4081,4081.649556116306
麟光,2026-01-25,3450,3374.850062728309
麟光,2026-01-26,4584,4437.366196716022
麟光,2026-01-27,4588,4591.819055771978
麟光,2026-01-28,4631,4563.457397019198
麟光,2026-01-29,4911,4590.665846076149
麟光,2026-01-30,4972,4949.251285859885
麟光,2026-01-31,4179,4143.231448393066
麟光,2026-02-01,3334,3444.845414104764
麟光,2026-02-02,4532,4391.564712091042
麟光,2026-02-03,4671,4552.823388373253
麟光,2026-02-04,4843,4622.955061105702
麟光,2026-02-05,4769,4733.858831553353
麟光,2026-02-06,5071,4885.551905365194
麟光,2026-02-07,4354,4194.34645522141
麟光,2026-02-08,3689,3497.6501975031183
麟光,2026-02-09,4617,4560.849365947579
麟光,2026-02-10,4847,4617.586371570278
麟光,2026-02-11,4909,4738.683691950652
麟光,2026-02-12,4869,4732.469951722556
麟光,2026-02-13,5006,4962.828353608411
麟光,2026-02-14,4054,4191.965985906885
麟光,2026-02-15,3268,3408.1090228719254
麟光,2026-02-16,2628,2708.388744264864
麟光,2026-02-17,2714,2836.6639010344456
麟光,2026-02-18,2893,2869.430969036345
麟光,2026-02-19,3046,2925.180339329984
麟光,2026-02-20,3096,4206.545051675361
麟光,2026-02-21,3586,3573.1904212243703
麟光,2026-02-22,3068,3128.426984165635
麟光,2026-02-23,4268,4231.6074773825385
麟光,2026-02-24,4409,4424.362933307453
麟光,2026-02-25,4601,4517.651217314287
麟光,2026-02-26,4817,4604.970142561692
麟光,2026-02-27,4062,4049.1485477941937
麟光,2026-02-28,4280,4030.324912873058
麟光,2026-03-01,3438,3461.5370063191817
麟光,2026-03-02,4558,4426.14047630975
麟光,2026-03-03,4695,4569.864875830245
麟光,2026-03-04,4694,4661.368120596976
麟光,2026-03-05,4781,4673.996901509152
麟光,2026-03-06,4890,4824.737738578272
麟光,2026-03-07,5043,4155.193363764254
麟光,2026-03-08,3831,3815.982425821544
麟光,2026-03-09,4599,4638.082829933523
麟光,2026-03-10,4746,4621.670526539277
麟光,2026-03-11,4885,4680.455234612838
麟光,2026-03-12,4839,4753.373680272975
麟光,2026-03-13,5175,4884.339877873411
麟光,2026-03-14,4784,4420.565568338105
麟光,2026-03-15,4061,3709.746620438617
麟光,2026-03-16,4648,4715.1052946890895
麟光,2026-03-17,4688,4655.890041769998
麟光,2026-03-18,4955,4687.390729879953
麟光,2026-03-19,4738,4783.140024707745
麟光,2026-03-20,5098,4888.280886701649
麟光,2026-03-21,5164,4339.954548332866
麟光,2026-03-22,5540,3945.26156079541
麟光,2026-03-23,5011,5383.074979009446
麟光,2026-03-24,4942,4832.951613401446
麟光,2026-03-25,5182,4833.495426441625
麟光,2026-03-26,5269,4869.258147144495
麟光,2026-03-27,5383,5136.432865470363
麟光,2026-03-28,6497,4570.55762772721
麟光,2026-03-29,5623,4809.493640109175
麟光,2026-03-30,5123,5381.087709572663
麟光,2026-03-31,4873,4899.706866817348
麟光,2026-04-01,4813,4832.602351026489
麟光,2026-04-02,5249,4778.2960555196905
麟光,2026-04-03,6034,4481.484965243726
麟光,2026-04-04,4951,5413.173800847875
麟光,2026-04-05,5144,4079.4955730413008
麟光,2026-04-06,3401,4482.921133784908
麟光,2026-04-07,4503,4387.488020812279
麟光,2026-04-08,4618,4596.4748059090925
麟光,2026-04-09,4713,4723.020876180131
麟光,2026-04-10,4925,5143.870827076673
麟光,2026-04-11,4516,4268.479119139058
麟光,2026-04-12,3748,3924.067247041246
麟光,2026-04-13,4484,4332.94916284121
麟光,2026-04-14,4526,4582.468138807866
麟光,2026-04-15,4631,4612.184168601478
麟光,2026-04-16,4610,4663.772247250986
麟光,2026-04-17,4855,4864.239782147374
麟光,2026-04-18,4047,4299.974604292893
麟光,2026-04-19,3504,3529.7095763129287
麟光,2026-04-20,4383,4378.900456920297
麟光,2026-04-21,4501,4508.247574370927
麟光,2026-04-22,4562,4599.313947758607
麟光,2026-04-23,4559,4613.722087403651
麟光,2026-04-24,4864,4836.152424380526
麟光,2026-04-25,3978,4229.197084179312
麟光,2026-04-26,3643,3493.0961713150004
麟光,2026-04-27,4429,4443.720215846923
麟光,2026-04-28,4661,4534.713841857991
麟光,2026-04-29,4603,4663.143666280735
麟光,2026-04-30,4799,4629.982676781428
麟光,2026-05-01,4053,4296.696823908453
麟光,2026-05-02,3938,4142.03138831338
麟光,2026-05-03,3255,3503.4683169767136
麟光,2026-05-04,4435,4263.7177825481285
麟光,2026-05-05,4759,4556.4007024975535
麟光,2026-05-06,4674,4700.4977324322
麟光,2026-05-07,4638,4702.549130246454
麟光,2026-05-08,4797,4831.424320830747
麟光,2026-05-09,4050,4176.247514311515
麟光,2026-05-10,3296,3491.8940358370514
麟光,2026-05-11,4415,4317.698796756375
麟光,2026-05-12,4550,4570.633004194042
麟光,2026-05-13,4439,4608.153578123874
麟光,2026-05-14,4508,4561.178684542988
麟光,2026-05-15,4815,4791.086772320045
麟光,2026-05-16,4123,4188.516021504984
麟光,2026-05-17,3631,3516.2669255376363
麟光,2026-05-18,4382,4468.7773039789645
麟光,2026-05-19,4507,4530.398341981445
麟光,2026-05-20,4532,4561.223217949832
麟光,2026-05-21,4506,4597.821500082911
麟光,2026-05-22,4818,4804.48380156262
麟光,2026-05-23,4011,4197.361050992809
麟光,2026-05-24,3526,3514.401866557008
麟光,2026-05-25,4387,4388.427993450869
麟光,2026-05-26,4480,4525.166984328681
麟光,2026-05-27,4486,4564.598033354073
麟光,2026-05-28,4431,4566.586677651333
麟光,2026-05-29,4737,4770.537028708194
麟光,2026-05-30,4026,4135.553235804378
麟光,2026-05-31,3430,3512.3297975753035
龍山寺,2026-01-01,28296,27078.79154680195
龍山寺,2026-01-02,30338,31560.473038094213
龍山寺,2026-01-03,30730,32130.31070002898
龍山寺,2026-01-04,25970,27962.054952869334
龍山寺,2026-01-05,28386,28382.59435929956
龍山寺,2026-01-06,27850,28948.326749613625
龍山寺,2026-01-07,28504,29215.603734056724
龍山寺,2026-01-08,28570,30098.009820537467
龍山寺,2026-01-09,31384,30643.80423922361
龍山寺,2026-01-10,31736,31474.205910393
龍山寺,2026-01-11,26342,27452.313956124974
龍山寺,2026-01-12,27906,28469.673338066947
龍山寺,2026-01-13,28357,28718.52266015792
龍山寺,2026-01-14,29124,29029.97219583312
龍山寺,2026-01-15,29032,29917.280316648303
龍山寺,2026-01-16,31431,30904.72810637965
龍山寺,2026-01-17,31396,31594.54752395028
龍山寺,2026-01-18,27016,27188.59996641969
龍山寺,2026-01-19,28070,28455.689467050222
龍山寺,2026-01-20,28353,28707.48261362625
龍山寺,2026-01-21,27964,29098.071287078
龍山寺,2026-01-22,26818,29574.197534016344
龍山寺,2026-01-23,31190,30651.720226163565
龍山寺,2026-01-24,30311,31265.589042612814
龍山寺,2026-01-25,27383,26774.341939896654
龍山寺,2026-01-26,28213,28171.362546071738
龍山寺,2026-01-27,27134,28515.611236806104
龍山寺,2026-01-28,28054,28620.067473618503
龍山寺,2026-01-29,28933,28819.46886116665
龍山寺,2026-01-30,30812,30965.42238657232
龍山寺,2026-01-31,30111,31134.81443585336
龍山寺,2026-02-01,25061,26922.91256906982
龍山寺,2026-02-02,28497,27866.939684423447
龍山寺,2026-02-03,29160,28047.886037727763
龍山寺,2026-02-04,29575,28636.048126586506
龍山寺,2026-02-05,29843,29094.36873892061
龍山寺,2026-02-06,31099,31291.603905841755
龍山寺,2026-02-07,30319,31169.32335302853
龍山寺,2026-02-08,25682,26762.79549909201
龍山寺,2026-02-09,27509,28233.82921697833
龍山寺,2026-02-10,28588,28268.996251024266
龍山寺,2026-02-11,27964,28756.567702515797
龍山寺,2026-02-12,29119,28992.01161702256
龍山寺,2026-02-13,29596,30965.97262512733
龍山寺,2026-02-14,25747,30565.996158377067
龍山寺,2026-02-15,22729,25584.511798399755
龍山寺,2026-02-16,17851,33370.08894599921
龍山寺,2026-02-17,50876,31765.433024574144
龍山寺,2026-02-18,35985,35139.16844743834
龍山寺,2026-02-19,38166,35727.34267450166
龍山寺,2026-02-20,35146,28121.995517380827
龍山寺,2026-02-21,34814,31178.12916983428
龍山寺,2026-02-22,28141,27330.005712085695
龍山寺,2026-02-23,28093,26152.7014543397
龍山寺,2026-02-24,28283,33392.87683995621
龍山寺,2026-02-25,29834,29407.94875563255
龍山寺,2026-02-26,30741,30246.010034319024
龍山寺,2026-02-27,30083,29612.045185308893
龍山寺,2026-02-28,31560,31153.067638047865
龍山寺,2026-03-01,25940,26524.85206572309
龍山寺,2026-03-02,28188,25239.666393084823
龍山寺,2026-03-03,28523,32200.38488458966
龍山寺,2026-03-04,27690,29135.305504464148
龍山寺,2026-03-05,29112,29855.548557600243
龍山寺,2026-03-06,32032,32489.36794956666
龍山寺,2026-03-07,32505,30752.623120473432
龍山寺,2026-03-08,27717,26156.75535510316
龍山寺,2026-03-09,27808,25986.03149262616
龍山寺,2026-03-10,27980,31266.68603561084
龍山寺,2026-03-11,30418,28759.540764832997
龍山寺,2026-03-12,30440,30029.981810974365
龍山寺,2026-03-13,32253,32800.59541722518
龍山寺,2026-03-14,33471,31433.010703085743
龍山寺,2026-03-15,28745,26809.745568667608
龍山寺,2026-03-16,28751,26818.014966880997
龍山寺,2026-03-17,29296,30868.77988094619
龍山寺,2026-03-18,29907,29514.54806054976
龍山寺,2026-03-19,30439,30328.73795827121
龍山寺,2026-03-20,33136,32831.3194828455
龍山寺,2026-03-21,33985,32136.9350525236
龍山寺,2026-03-22,28177,27485.62273719243
龍山寺,2026-03-23,28525,27346.62795816712
龍山寺,2026-03-24,28898,30476.30161481516
龍山寺,2026-03-25,29906,29601.119014331853
龍山寺,2026-03-26,29917,30335.558683232208
龍山寺,2026-03-27,31827,32790.80112233744
龍山寺,2026-03-28,31637,32335.219121060352
龍山寺,2026-03-29,26138,27191.347159705718
龍山寺,2026-03-30,28029,27029.237830335733
龍山寺,2026-03-31,28748,29618.63332251986
龍山寺,2026-04-01,28046,29321.22765277184
龍山寺,2026-04-02,30260,29753.02772105421
龍山寺,2026-04-03,26449,29105.42770237344
龍山寺,2026-04-04,25162,31735.55058318831
龍山寺,2026-04-05,25865,25753.336689570915
龍山寺,2026-04-06,26704,23191.46202655362
龍山寺,2026-04-07,26200,29055.22522282448
龍山寺,2026-04-08,28161,28477.18292442268
龍山寺,2026-04-09,29120,29467.0419051665
龍山寺,2026-04-10,31528,31302.682947297333
龍山寺,2026-04-11,31554,30306.26176454305
龍山寺,2026-04-12,27287,26612.437176790583
龍山寺,2026-04-13,28241,27940.104230429337
龍山寺,2026-04-14,28335,28738.65237295048
龍山寺,2026-04-15,28056,28880.0212279885
龍山寺,2026-04-16,28063,29735.86776991385
龍山寺,2026-04-17,30843,31360.085374115624
龍山寺,2026-04-18,30261,30357.611354543576
龍山寺,2026-04-19,25757,26552.08062930224
龍山寺,2026-04-20,27317,27742.51268875426
龍山寺,2026-04-21,27991,28213.159685603998
龍山寺,2026-04-22,28337,28401.79563336965
龍山寺,2026-04-23,27064,29209.990785796566
龍山寺,2026-04-24,29357,31009.70081882602
龍山寺,2026-04-25,30323,30000.33711936983
龍山寺,2026-04-26,27372,26154.9685641028
龍山寺,2026-04-27,27759,27711.85012387738
龍山寺,2026-04-28,28318,28256.10151834928
龍山寺,2026-04-29,28024,28478.701587535736
龍山寺,2026-04-30,29391,28748.00924467363
龍山寺,2026-05-01,31469,27791.93214879107
龍山寺,2026-05-02,31625,31030.510497077223
龍山寺,2026-05-03,26916,27228.02745964809
龍山寺,2026-05-04,28662,28219.09712456733
龍山寺,2026-05-05,27828,28734.79690656794
龍山寺,2026-05-06,29880,28635.69205240384
龍山寺,2026-05-07,28692,29257.786164242825
龍山寺,2026-05-08,30563,31918.936170876324
龍山寺,2026-05-09,29519,30732.050780019166
龍山寺,2026-05-10,24378,26609.79613057152
龍山寺,2026-05-11,27704,27565.398643974782
龍山寺,2026-05-12,28017,27903.270762753247
龍山寺,2026-05-13,26999,28473.960144151617
龍山寺,2026-05-14,26966,28479.262646761512
龍山寺,2026-05-15,30871,31030.384003571573
龍山寺,2026-05-16,30403,30056.95850980598
龍山寺,2026-05-17,27278,25956.050193901025
龍山寺,2026-05-18,26896,27886.63210644333
龍山寺,2026-05-19,27379,27983.52768434104
龍山寺,2026-05-20,28803,28162.72817185121
龍山寺,2026-05-21,27493,28371.15678888248
龍山寺,2026-05-22,30461,31184.97787677839
龍山寺,2026-05-23,30820,30195.77126172437
龍山寺,2026-05-24,27671,26300.943495287
龍山寺,2026-05-25,27033,27820.17581347629
龍山寺,2026-05-26,27115,27973.559772680685
龍山寺,2026-05-27,27812,28299.164900260945
龍山寺,2026-05-28,28097,28038.831438749163
龍山寺,2026-05-29,29504,31038.873228453085
龍山寺,2026-05-30,31125,30211.645194761382
龍山寺,2026-05-31,27053,26582.078658675084
